"wallet","balance"
"73HeCgvUDsP7Gq6sh8uVDM3mn9RxLppeB28VLjzgJEgn","307"
"GzTR7Ut7g7FZy9ZB4XWwz65wEofgMYJ8kcf8SjpYMp3c","5299"
"HQBZZBtYHqDKqBtNKFDDXiZ5pTLNpX2ztRqr8SwECotc","13648"
"AyxGu2NvwYLPMVbzESuZ9oikJeJ1DgHkQrHEPspfUySm","762796"
"BatpZLfJjxHcjH1n4L6bA4R3H3hpoLYSaZPcZdfd1DgJ","18155"
"2PCBQa7K2Lb1zKZPiFXam6V6Kag75d9Kx8YW6EyqfrMa","118254"
"EGqd9xryXUJA1a9swJpdS8PtWMzMUA51XwFYSSE57GFS","118577038"
"8jfJaDSuwovJ8qB32JgHYCu6sa8EzKn3GeJ5ZfqWkEM3","179085"
"BVKd5S2BFDUv6u6yY3q2jXWwqt3gXNvzGpmct7bQcuca","181401"
"HfuQnMCVRqTjpsJ7t5qVr5Mreqf9gdgrNS7Ph3fhXv7H","20014452"
"C7jcd9hvpEfW5f21fHoeu84JFp6JCVii9wAUArPFE4zx","5517115"
"tEsT1vjsJeKHw9GH5HpnQszn2LWmjR6q1AVCDCj51nd","22476445"
"B5UCSGTnb7jxGg5SQoSikDCAQDivwPnThXkEooBHa5gZ","171564440"
"F4VFp4tFTyrQWo9YVjCbPE5eQP27ice2zyGDp2tN2Rkm","203258821"
"35mvVDsLwFP2e6rTJCYb3Bb4HkQyuNtw6EyR3tuVNhT9","30563269"
"ApsUT3rJXK5tERg31FbmL8g4fenr1tVs6UzEDDpAScap","8262279"
"14t6EYybK19WQwG5uz8LXa91zLZ3g6vbciA8k3rn4L9d","88259546"
"GYEbWKYbeoF9N3iMfd2rmdqd93o8ZzS6efNRRpkZNrwi","30607672"
"451GcmKY2qQP36EKehWamdbgycWmFW6GCwH12bs4URZr","673414084"
"HF7xZdt2zjGYawYFFJQcU2NQgBVfpfQGwuDwqQjnX5tn","1465083623"
"Fp3ckgTBtEZ8qe4esvioTbEgnjbnEtDhVaTX1ewAsBMk","36821665"
"xQWm4PfSDShcfPHJvtCAdD6LaQpbzzPW4AadEPanP6Z","36769536"
"6jeNzFGvGjEmvrVrjHwR93XvPTnSg8LKMuWtfngWFNkr","36769591"
"EuqeUDmw97MnHe7mqA3ZEAsjrUZ84dBKSLKM79B2rn5t","36769627"
"8nNikttkGXWn1LeTBNkb89HLRzEadxd8CqE3HZo6NuBK","36769663"
"3reBwRgdx7ZLSB1j3mGctWrHCJqAaZMytQms77xnn4iX","36769735"
"5tgvu77uiDFM1nXRHMok1Gknkni6px78MzeqYxhH768n","137773531"
"8526uPCepabV5ZkZKBFrw3AAHJ3RHZ9bUpM6bGjHPNoq","1036982348"
"GodXVwR1m9CnYtq895brfAPPZRMmAFgeW7tQgk3drocv","36840189"
"EroCfRKp1gBTdZYTn6p9DkNAmyjmggo8mzF8Pkfkdpdr","52296412"
"FmcJes32Rch56LS4f9bY1PPtF1PtnLMfJ8uFmJXyukLp","52638394"
"BZ5bnxKerZsLjxeu5HYUFg6vZgHyDG2pUvX1xWcZLXW8","78454737"
"6hFLQEygy3vgLWNUTWWjwGvHZPKGp3i5Gr9JEpdtUxTT","78513728"
"Dfj6sgcu23nW9V7smzoUHLqZtQDybjsirQywZosWXszb","3182304655"
"7MmVoFAxJqzgCqtRFhV7MfH18E1rDSCxFaVPHwqzXJLk","3659468827"
"9CqAUmkAkMuwcULrv5s34VAf1yNu2x2QcXSPc6h4zcoR","230593896"
"CjFHfkafq4zKDeEqRMR5hudjU2nq9nM139Gv5zQnWgqY","509088457"
"Dje96FmwkUVBQRhwQYmcmFHUPhmhUdWQLrRTA9GEzXsc","171288214"
"GisbM11X4piG7GxYsdHnTGUUWzwxUtJMJ3qpW9jtDNEh","182071304"
"5kH8xMEV9tFY8xUS13NWjeB6rVb7a5jU6sannHj5EQtg","388092870"
"8HD4yks66XfhC5QQjHwcGgNbcXuz8SMqFJ7jD15MZr38","185852087"
"6oBkMjYs5DoDgZa76LWW1ceBaLF6GjYwsJgoLFqVitqu","197590664"
"6FUcDXRS3gQhLGxFDNwbXuKkAh2DqQyvBLGyPaFMAL7N","577352510"
"AJirsFTVdHzPdTghrBqszFVuce66pSSGFMCK8iTnMLRv","296227051"
"HNj7Cfu4JMHbmskkEUq4NDVRyttDnr48sscTjk7Ronjw","320289235"
"CMfiGhEddvpecn1yhXGNSd6Buj2A8KL8gcxdBmqg2S4","424971581"
"FmGWWWx485793ssVMYDPgHtfj2kZeoPUq5r5RjfQyJ6z","389289729"
"Ghn7fJfsNEC9gZP3ru6Hs8UaFUQqSF89Y5KR2MESLCtX","403228981"
"9aKarXK2akTasbTep4LUUf5m9SdbJ5ywk4tFSFmtbxvp","461296201"
"4xdp63eEoSuECGgNq3CU3RdxkMswdfBrKDBzHUdh3kF5","471713580"
"2FBag9oMzGE1CfWvhxkmxkyXpwmz2JN2SUnCiM6FjRDE","4495792576"
"44tMNwWGT7sxeovyNNAouLVTcqkmtFt4J56Cf9H5twrE","520361920"
"8CBVp7gV8EvArtkSKrKKqqnV9RadHxProeJqGquG2wJy","549522700"
"CAMmN6ackdwfLBeKgi3xcXZszWN9wEXLEQm2bm6Trvrq","702663308"
"AUGo6mptghW2Uc8hyjtQePLogMbaSha8uQAgFisC6afy","592396578"
"Ev5KACo4T8xj88up2nj1Nr3P5bKrvUwaGArFhRLUf1hq","701373899"
"5phNdpnu4yq1L2NWVZ3KW4xefzBJK3D4SsKGhik4ZzvY","1675773437"
"6G7GnmwgYdQqw1vi88yFLCuxS8MtLvFTpSvK9rGnu8Jc","1044520364"
"GxWZhbhupvGYcS8PYAUXrDVZAZSyUCsizxbg4JVJJuTv","1224291663"
"GvXvXWPmz7JTogLKxrap5Emp4aMqKoUiUy65pKngQCc1","1507516985"
"A8kypzTbXG19bGsVWrYsLwQn6fiN47QwegRHzJCZ8hw5","1"
"D5YqVMoSxnqeZAKAUUE1Dm3bmjtdxQ5DCF356ozqN9cM","1"
"CLPGFPBva38Ebz29HcKyHCvJhurVv4AdkiH3Y8Ni2is2","1"
"95KjoJeCk8Sem6YEazn5WHvGD9r7TFXdEyXS93mbaYPn","1"
"GPaYV1kMNASnKmM8SUd29k5pQAWyWwiMDcutUUmrgCrJ","1"
"2cuzhZ4akvqPZ5i7cDgWEdw1YzrYtf8saBPUg5DewLPi","1"
"EgYbwsSZ8DvdJBPAEzFGvTcT9HJf6dj4dEmT2pw7QCKn","1"
"Ad579rG4GQAydvBAw4bj3hPe5ePWFEfpueXxgsg7pGnC","1"
"7JzSKNCM951DhukeQVt2bzm7kk7d5Cn2aMVC5yQ6EH8Y","1"
"4JRWusHznT25ymdqU5M7FfgRn5ndavu8oX1JjTuDgwTV","1"
"HSBsWeCCpMX4CxiAQyv3KbLVjGDKeqhHSrxqdcrvfXyt","1"
"4pTEpQnLnvhkTgYcmiUEvTs9pEerWjRNFmW6fpg5GZAK","1"
"F4wTzNeW1TPG5Nscam5cwUkkx26CxQFzxaGP7772nKr9","1"
"DBaN3HfZPUqEh67fFLDBZsBFyi4Z1FrLVAcPvrR2NkAC","1"
"78EqBAekSgzSxB1C2i5tmRYFsB5fXvZvm6WpkvRFktGr","1"
"BK9SWA4ax6SS1SK4oAW4uZTT5ub1bVh2bqGjgvFwayTU","1"
"9zpyWyTo7Yn4GsV6zu1Ak1m835pcxxuHG4sd2MxFFfPx","1"
"AnjZcP1AvX9F57mnaAJcRwzX8ADp4bgHApp3QhXKFiGf","1"
"FHUujr8CrSe9FcFzuZCuhpEATcdr7AvRuCXkXCsj6Mto","1"
"4xYij2KTcXfyFrtjAnFTbfKxbYzhqKxjy2yVzzPnpjYM","1"
"C1SeuhzifheAx87iVbwt49akvriYwmK22n8z4iM6jcvt","1"
"5SuduVomqdS2P2nYVmeTMduP9jdaaKGdRZ9H6uH6uHSe","1"
"7kNwgeUNsSvNtXBGj3tQbxvujuoyW2xFeNUsC7RDdT14","1"
"48JG8c8Uyknw9moycWPYbW5Kv65x1NKojS6yNG1Lu2Td","1"
"A69bm1pVXZo1GkhJ9LGDagH7fz7BCrtrdwEfVAwt83th","1"
"5PzxrrYqj1vdbRFtyXayq6QyRtSEfDKAm8QQ8cktC7w1","1"
"EupHYhjcUbkKydo3mW5GjX7uKDJs8h5ghcKKxfKTe8rC","1"
"9Nw4e4jJhEVwpdGFUq5HHQaLsUdLe9Hq4FG532wRvo9R","1"
"BEcyKfaRqVL6M762SYUaCdgoYXM3SJ7QhYjsgXNofZ9","1"
"3hbHxSSiT3MFjikfjjo7yzDcWqer2uckYddSUgax92yb","1"
"Bvd8uYusNEuGXV3uijnkKNSEFt9HAnZMMpoQ9wS1God7","1"
"4Xa7LTFbLNBzgTBSHXv1iah9G8xBRqisTYHe9a8CCPDx","1"
"24XkUhPBsoai8vAy9FPadwP1j4fM4ADrXCrk1hg4uhrb","1"
"JD2mZKxvt6mJbsHaM3F6ofMEH9x3urEJkULdjWK8MBfc","1"
"Ey85NUDkZQkZRPP48TihWp5CdrnL6rvG2fdpLF8cK2wB","1"
"5sBWVtTMdSAFy6hXgv2EjDAZt2xNEZHxw75wKtyxbzbY","1"
"4sUCj9BpWkDyrEzTTid4CVf74e7VKrSzeqcCu1KBR6cB","1"
"9LFaunHRvQCMdLeF4XSTdJZ7TZ2whuacRRP66EvarxoW","1"
"9pqReApitKVszUsEXbmJanXQ8rdwn5KzpxeMsntFmYKj","1"
"y51ujufXiD8Vji8pGAmH16g5Y9Jt7hCnhoDDBh5SAcd","1"
"q6R4n4KoAEudTQN8Jv1aw4Dt6DCkRheDu7LXFX1ude5","1"
"59Ea4cwthPXW9APbV48unwHTbf6fWT6AFD5G94oGpDP5","1"
"ExndPZW8H61z3nQ6uLocTg74cSPnZWUU2k7xiNTSBUGU","1"
"AMqsEcBvAVzQsS2DSzBHdzBjdbwhWmPD1j48dvPSUsPF","1"
"BbqndtwQ8KXXN345Rqkmm8xt7sW4NuzkNSsVWQzfFU23","1"
"BvnE2BzeYAR9WMPqSm5p9fRN674GARrqpeXby8qhNKvi","1"
"aPi57YJuQQznUhCuzj4zkW4s69VqMtGhTDbU9t2YL2f","1"
"3Jp8kpNmJEtbqrNreHWRe2bbVmjRkRoxavWkqX7PYiTm","1"
"5qSpDEQVrpBCA6qiqDLZcEnvbcpo37yM2RUgcTXtt5oP","1"
"3Gi4rZT5ufJzrfqhCsFMPPTsfXGYP3ZVs8eayVtiMAbr","1"
"AcyiSthmeZFbvPVz4cwwrtnQwkgE1wVKxnFt3cLx3YeZ","1"
"7kLnrukrPMAXfc1suT8yoG6BfKC92cP4Vc7r8yeXrCUM","1"
"A2S7i69ZuMa43UBR9yCCNC1qhsTTUcWU8KXdzJq2a9Tm","1"
"AKZGnzzWAmUbrhf6z1BvQzfpGRef39XDpz2FaHNA1g2E","1"
"G1ejd8kpPaHmEQvhfLZSzTaJapKdL4aC7u22h4Y27VXF","1"
"CEPDLoud8MCqXeKWAUNFQAqKa1sah8vReYEh1YbCHLuH","1"
"5mcE2MHcmtqmAdwwMqTDC94iXNpVFCScCer77WA1g9Jt","1"
"5gjJjkRe6ikikE2bbMfuzdtrD41p4AqwNwbXcTAbY9W","1"
"6pDU2BsicG7YFXuQ1VvxDpvo6weCj965dgB4giwpAAG4","1"
"4aLfctxJBhjpbjBjdAY1y7xhyDqCk6pYY6pydbUBx1oN","1"
"DBarBLNQUytF2xZ3hv2tx35iYaeHa2esezVRfiVHUyMW","1"
"eHBaW8kFhhefLHijX3sxSAkGDr8pikKVuJteC3dsq8R","3000000001"
"HuL2iDHdWaTTo8CEdyNb5xJXnYyc1R2YiQpikhYFAvx9","1"
"6UzJgScSxd2QeeHJ2a1BcWLpPJFoSagrMeNMiHvn7YxX","1"
"9CQeY8Y1h9iwmAdsXUM1FPnbTXNUQrVEcbQ9fjqbRL9d","1"
"2Nw6qNS2awmMX1r7PMDJnfqaaaFDYfto2ZdtCqnU8G5s","1"
"B31Jd1hFXokB3cEResHBqMcaB9peeYwviFYKyc7XSc3z","1"
"E6HqtwUCdkv9oUNQj21wzwwjEnabRyGm7XY7iAkDhYGz","1"
"4nioDut5oRaRUMJMWPghFp9eeGKrV3gHXAza2fbngp4r","1"
"9xXE8Tq3MpmUBTfXKugvZLfTXz1ST4bLJ3ENtBKqDvt9","1"
"Dbvh28ChUSBNJDXay6QZcYxMDranzoub1VjMKpCiDYhQ","1"
"4y48C2fZBzWrah5zifb4u36b3JMK9unyTQSHTj2zcbCY","1"
"J8T2ru3XcAEWKyVzZLPTTAL31koqACAX56PssCNngUrS","1"
"F979UJWXfH5XYE2qoHZ7pT5NiLPFi1NKuNnq5dLCf6hd","1"
"3GSxgTbTxGqBVaQZDzEaZUvASTLaUYAQqBvNzUrBwPRV","1"
"6Gp7CbBDwCSyqMMKLFuwpQLBCUVyaLYhopVKhTnwKHKJ","1"
"6hAwyaztVz9SH215P4EwZi8vA9BtZPQh5Rg6XtNnqTnt","1"
"9T6xH3UWXgMCA8X8RwxX4fjDfouTmABxwHXcGz5RyMcS","1"
"DEGJqrUHSqULZpziWKtCkCezrxyyKXSB9RX6Lw5vho1C","1"
"81dNzFvmuCzV7bNFCsq1VkKjB7VMtttPx4q79JFHUxHd","1"
"Da399ZMevf2HRsfSycDZ3eouTCGyzM5Rk51B5oCqWQr","1"
"DuEsDAfa7bRhBft7rCNwMvx2dZ9CcSSXobX4u8CYtf3K","1"
"DJ8L23wmKVGRqzkhCDvsuRD5zzqVRkbL5sufS2FRrURe","1"
"CiNuTFGxTmW7AmXWese6FwuqjqyCdiKC2hFxcomfYH7u","1"
"GqPnSDXwp4JFtKS7YZ2HERgBbYLKpKVYy9TpVunzLRa9","1"
"8Hq2X36RFSVtxZRbpBdF22dVsHvJ5tXfpHEDSfz6byG7","1"
"AF2kZXPZaWjkoYsHNqMkDxRcECm1ssZ3kjCj8RojLScq","1"
"GG7fh1nMwEWmCufrAH3Hd38DkF29HZgSeGJN9JoshztT","1"
"84qC44vpro19MNpnB7ag9TubP1PnS1FvpmexyCHLUQDR","1"
"HTsmqpTaooWXkKHCKbw6k8ogeYmwx6dXJLuTEBpPCG5U","1"
"6XMYLkfeWLonbFryarQfWF3KqERfnfZfEyW1VRr82bka","1"
"FoxCa1pbv2Mevp3LKAPGibPXELu5pcFn77Z4axVtPq2c","1"
"Akd985DXZeCMY1ukVMqJF6DJwp5jdUgasbbLWRRoYXzm","1"
"yZsDMDH95kGkN8JFtwjnK7Hv27qacpjgeBKBbumnsAW","1"
"AaKFgZrnBeKZyxVgT8wMQr5yqwcM1fcFbrBmgPtkA62P","1"
"4NMX3LZqNfopRN5wTxWBsrC6VyuYRtcQiQVBtBT1nVeZ","1"
"HerX7niJ3K1LkneCmLrAYLJR6NYQe58KVNjk75g1nBVe","1"
"4yBsbNbLQDh2HFWsD8FPv4usTFCzt9tGS4EQFFzVeZoz","1"
"Dzt2SxYpSHqDuocFN9MPcYCfDUwhdhbxjHsCXbcQ83EL","1"
"GCwK3S2vyMPJtB1vGkmnK11gzFHdkUYFWU6CxHESfdz2","1"
"7eosASWMGS1gfGmCSg1L8zuzqJSkCxo5x8SMa2wQQxxL","1"
"GvhNpoeDRSVcQSkuj5qijrZE4aSpVogSBix57a4Z76V6","1"
"9DtKrvAWC6XvnbbZdnjahJwy3k7ZGNohoE8xKy8rc5DY","1"
"3KWQnbvHzozca8F3b2G29DiPLmVm2omjhHEcA7Urp7o3","1"
"F2unNyxPePdPJQ6X68RAG1rkBCknKgP68n8Qw21FLvQX","1"
"HJ5dGEcviTz8v1W7JWvsxV1kExLeCvD8sAkoNp1vDF89","1"
"5hi9nMV8m5RpMpCKVzZFK88VrE9xh376VmrghUdqqnYB","1"
"8QYeehu4L28DroPQsFpjV6rX3xCKGfZEHajVq536bGqk","1"
"5uqkcGgoy25EsjEx4efnzvtXPEGmrhyDj7gn9EfEdFmc","1"
"CHJK7CTfDUcLKQ7z6rTNPJNiC7Rqbo16r2aSBgVpfxkS","1"
"FXafLfaMSqA238qk8GdNpMVgypbEpF1Zb4Qu598PQnW5","1"
"HLMniX3bH6T8Y96S9AeVRcGPknsytLrqMcsJBREmwHx","1"
"GWZvodtnXna9Dp7otMy8XvWhFDtkyRw5YmjaCpXF3ko5","1"
"62ajhwiP3BCPfXrUQ9tNVBNJxANvBHiqT63kd4VzKNxu","1"
"4HJFX8yLFwx8hXfZEWRZNsqWVjTrhk2u2hH4xhhhji7X","1"
"EzBki6r8FUeNZqRckcJFmNRZzyKmSWhuVwF4wYK1XZwu","1"
"4feVmEFjfSjtkpE4WKEXDK9m5pggj7xKVp9JBhosF9ro","1"
"ARhrBQesAt1HcaBC3DCW18zUSt4CwmxA1vkX4iUGFvDF","1"
"3B9ypYpC8XyghsczKxcVjJHSQBJNmL3pr3K2N1PRZ9yW","1"
"En4X1VcsmzqiwAsta9J2Uea97Nd4LboNWMNGzpxTxPFs","1"
"47ovSgSeh6sXnSaqdRSiCrq4c7bMjBcWdLqc5qQSXEQx","1"
"ESrKnFZK3su8mkviBSHzA32wBHK4G73UULUUiL7Kfitv","1"
"SSSSi1b2Ljqwt2WJPFpoADWf5rdgYiXoFt8KFa5mJX7","1"
"86duXE6vfDkK12nAk1yoakYekd6KkQjMwAvwqKm3FxL7","150000001"
"5n8h3mZFf2nN5kqtyfsVjEGgUmHSJSTySuK1PyjSrYXY","11200000001"
"BsRxg4GPhtCjz8p8wopMsYEduu9SpCpf6LaazFPDqMnn","1"
"D89PYd5vQsyruAAJ9KJaGE4sVYWHpfNHk2uzhPZQkZmT","1"
"64q49E7vaRb6LQtgCrbqiWt3ZyHSyxLQJ7pK7yWdj9YH","1"
"8zhXuvXDnBSGni3WhFVSEJWLvQbm7trT1WfUGzbBEs4F","1"
"3AsW9NUNYphHy5jcoeyj3hUD7VD5tJL2pHzyejr7eQV1","1"
"C2qDcDySgXXuDj8qT8H6npf2oA1eVYVNb2zAbTDJuULC","1"
"GURV7oUoPwqXYTEd7uSyNwExZBFSWsDvmcsTSP66bDvp","1"
"A3zaE2NMVwdZqPCF9Feo8EDS8Q8Q1MRbaK7U8LjVNPLR","1"
"G55SQoiAgoucPDzeSjjFMmQZ1HX9psC5AgYyyosXcJSN","1"
"GNrQT3QMXxagjfnf8n3PoUhGXECGVsuH4aWUAjJufutp","3130510417"
"9i3PoTWAtJNiSToBbLkZHR57TeP6Jt2guu3xNvs82ZQm","1"
"6bJD9JAopCFMydKkxjYLM4qN5QZQdhUC9aXHrDPSU5GC","1"
"7VvViaRYdRsB9QDCvecu9FG4XGk4T8iKNcCKtpGWu7Ce","1"
"AUm3iMJMYPsUGJijahw2hmoFNHoCt1mN1juu7fnP1ANe","1"
"5FcoW2LcU1TSeH7E2dXdA2TRrh4hanQvzisCRWwX86hT","1"
"HB256T7wjJTuLR2276sPvrVrgNhGnKFSTZBtFc4eTBMh","1"
"EQxRW5N6vCXJpQvNFzsZVLSJpQaTcpQFPUtqKoXH6Gko","1"
"GEwYT7GfWFzffrxmZMFLeBTXNYLS58peqeHF2mLsUCgH","1"
"FW3dQV3vZYxNhKfrGwJ76aarXPJJCHyWxcMAwRCSEDkT","1"
"HG1HqjGJNMEU9sy8nUpu7YZ7vi1U6pNnHQ3SGa4MgGyc","1"
"9eakohftPvmFWG2zgoHMvo2nRzJMkGFwdCagGpo1WsQU","1"
"35fX59rVaxNRv6oj475gKeHhL7qFqRetF1VN1K3TtZTh","1"
"HS1XeXEaaZqzBEmFwg8S2T8xgw1k2Z5TEotfbDG1GCie","1"
"J2pVabP9LV52kdDQuPk6VQZaSLrTnjYKqvWkogM4Qk4c","1"
"B4VZtVRGWCS12aiBerb8vwGpDMuWnZiKFaPLmi9EfU6T","1"
"7okYpGVEjif1AsrSgc43iFkZ7hTUTEuQJA9YLCqYtH4k","1"
"94P52Dx85HEacMNDnCq72JcBiMJbp2PbqyBBpuhPeB2d","1"
"g6XzDs2UZGtQRGJmMpUHzv8RMqNUUTgiB2SqdmJjLvK","1"
"EtixfUvSiVddTFLi3bjTvdj6h1tb9WU9uvVfTbMq8TVs","1"
"6abkfrKBQPHrTkDEgvdYVjfb1ApJjdyeZeKAi1mpf7XP","1"
"73AgJ1tztgvK1WMib17M9h9GhmhqNF9QauL7uJrowT9r","1"
"6fryfD1kqSvnXfwt9u2ynyoeP6BBg88spphRP3QXH7vU","1"
"HKfgbuAcEpihxBDwfs5nmyVSsbtBsmnSjQX8xfa7oJCk","1"
"H8dmoC7eXzy8cAmjuSrwwFp28U1N9SyMBmcCg8ysKkUW","1"
"5hbQP6N9VSkHHwzwkmF5n7XkSvJLJVZa7Am95cLR8qAn","1"
"Hhfssk1mvuB26EWh1rDUAFa6uCDhV4A9zJzVRrQbyoiM","1"
"FEY8CSUnzMCREgrZnYrJLrpvccRUUka3uAHbTaSwbgb4","2"
"88S899uWqVfxaTZq8Jss13rMBxWx6GdTsGxMJhTxgFhS","2"
"EitaPVA8VwzmwcVFrF8C2zpUS5G3sffn7w6dd2KKcGto","2"
"2EVWRCDf2SNBzF1yMikaV3FaqmYoTBEyF2S2e4jnt73v","2"
"BZfvv7kaZzZtP1wo8DJB3hzYHtJerE86DTnZ1TP1sFc8","2"
"28oSSRacjogqeZBJNSjuN27mPvj5TGwKHaaLRfYLKKdQ","2"
"HLnpSz9h2S4hiLQ43rnSD9XkcUThA7B8hQMKmDaiTLcC","250225416318"
"5RT1WeZEkNooXTYFBq4Be2CcvK5sCgedbVmaTgAS4HEL","2"
"9n3DkK213G34BsKJWS7Fi1Lzy8D8f6AqPvJwLXgPoVqF","4"
"3PcqFctAQY88iM2MV677zHQmZZaRARoDsNwyap36AwWC","2"
"EJm3fZTL48r1XpRAqgHkVtwWFcBvZ8QkL4mUExjf4JZS","2"
"7ztfFv67bdD9rWYvjLpk4rXJ8nsJKUK29LZeE3LTS8VL","2"
"8Ei9C4t2aY7QjNJzo4JzbxLMZncC6gXaznGYpu8LAXH4","2"
"4DFLFM5kTwfL6su7VgLULq9PpHoSJQ4reLYbC9S2vu3c","2"
"HqMMJ43EpWza5KgqTB9nJfKheUNE8g63gx4KN3Qqhr3c","2"
"4UPtdfVUvHPggoh2jw86XU7sVNsdUDobZxAzyR9uiHib","2"
"EP1v5ch4BC6TYbAdPuvFrdwvSgqVTKrYaS5yowufSEsf","2"
"C5R4UpbVDXQdhoEs8PTNHQ4DofpeZMj6Yify3Dd7TwFE","3"
"G2jQmMUyHBe6gGiXFSsC5tqgUPs8RPZ3Bu3w6DWjC5KR","3"
"8cdku3p1ZWD7AJHtNqmEwSa1cr72Q6ZrneJ7UY6hCi2b","3"
"BJdJTATinGDqqitfgKs8ecoyoWtQfWjiucxDhDgXDJZJ","3"
"2kZbrNPgXei79aj4Ytg57XX8S2U6iXhtxP39Vvq6ZnGW","3"
"AtKRUYcJKu2ngXk9LK3qJdRZGVqKr1dLsakcSBa2uHuJ","3"
"GYfmkHsNeA7yweTZTHj1hZJZ8Dgh71kep6ZX4TWeD4Ac","3"
"2KRhBgyReoviKKKhfJsiTPzgV6NQYhuvhrFXV46v4CK4","3"
"kikRLzjgt3VkgWGXgvpZ5hwm5R83KhuQFFJuFKmdp2a","3"
"HMMCxAcKjtDxCPfxxi6Fst56oh8JEUnNVwsjQQJ36kRG","3"
"8iX3W27bpjCTCaeQtHC3cFyY3ANfN21cgSw4TddtM15W","3"
"FK7TcP7veAPMzBFDM4Me6xca9XeDKXngTgJGAhvZAUhn","3"
"CQZRHT5wnMQXseMVdECG4EhKBQSrABgUqfYEcBtEF24C","3"
"ErGA9iWHM2LypamRD3oMQ4n3TewYCTTufFz1YXXzRswP","3"
"A5NqKS9XSRTtfN1TaxYDNuVGvk45vzrwDdHx2GfJQdSS","3"
"9yyZpJ5RPghuhxkAnHo2bWB49ggGAAJSWcFagS3piwDf","3"
"DecXYzt7NdkdtruomaxX3faYJkoThKS5A1iP5ujsp1cU","4"
"9sErU6cpGPUoiMjUv3erchdGRVbwcfiiEEKVeA3fUofC","4"
"9cBMsZFUGHcqPfa3sih2RGoAKtVQaZyfNWbYqfVXB98R","4"
"29aesVE4rKHsQfCmD1mNno67zUaborXMYGojC2LzFRd6","4"
"69qpTzkPwiD1vWAPt45rnnrApytwH9NhRYXdTB3Q2bT4","4"
"FnHqNaT8TSCGY6YQpENERhGvjW3uwe1VomSsrnbG81ax","4"
"47mJRA48jbBZux91Q6PcaqUQAEyjYTyxJgcAj2gvmfoH","4"
"8Xc27fjvBXq6zMQVM5riQSWZFFEbsLqqmoUg9GFMeufy","4"
"BxZk6eaC442ViJb6oR5AmZo6f2JUTnPhBCFNcadTNArB","4"
"GtMUvcCMCvHaeBd8AXEpUcwe9brupm54PhXxyb6G9CRh","4"
"6NjdTyveCX1gLKP471qYECwt6cU74qVq8eDuKBfdpkcp","4"
"8dbt7fcJwzrXMzg4wGeGAhGfGpwsqdFYCi63gPaduPUt","5"
"9tiXe7q3xwwnc1LyBsP7x2xuoUEWosCVJPhmrdmqa3dL","5"
"NkBuYpkywtZ7ve3pEithvDyPqj23LiiAB3XHFj6mPq2","5"
"5iLmEGuNC6shcixhXL4dr9NWSwBHsnVoqvp37oyFJDNu","5"
"6d6izPdqbLdAUeE9F5wMyUn5cp5rxdZ3ykEpqYKojSUx","5"
"SZoweWTMm3GeHtU7EgGbXFvbzX9PY2HNA6C8Tu4o9J1","5"
"7TF6BeXbC8t8CYCZiJ3V2WpFmYSetvsmWfsLhf5YZg7h","6"
"94Sv6Vyam5AYnoE5mPE6iWn7Co1JntbERx2yDto9qJrr","6"
"DWJsXUteYbhYy1THm4LHgdEPxscBUPE4Sbf5dR5CkAHV","6"
"Gjo6La9capNKm4u8TNyfB12o1xA4SN4hr8bJ3pcUTAUo","6"
"4QFzNfLNK2VrT87d9c1Jv8uhdHEYf5enYyqvUgMV7mbo","6"
"F6DUhtyGtLVE1Z798eCybrWAkDzmZxtSMyD3C1g7qDcy","6"
"8nfxVUofPSh1E4QDQ5ruJpwCpuxS51mUq5MF3vCPYJY7","7"
"Hq3msY2fGFwynnZmtqiKUE2RXwNb1wdiaTCDGDkewKHJ","7"
"4ozSrfKuaGdM5QfhgC4b5uSn3vKYxUKAd7agXHgZPyVf","7"
"G3WDUSv55cxFp66vXRqGrX1RsMRFsPfyqTJsn3TeSU7R","7"
"4pWgraag7LnDTEfWpNpBUL7uoazF6kdKL2s2TafDCDKY","7"
"2LYq6dLdrcMPktyQNUt5NTvtsvT3Z3fbn4LhNLu5MpPm","7"
"C267L3hkX7femu6oRHShyKP5iKPJgthteByrqQAB7ZyY","7"
"Ek5pma1oRMMvfvyWLxHuG7btVdtgMbbX2vTyvxf5KyQU","7"
"HivKZz8DPkz4KoRFaPAXnjVmGwyag223PC9Y52pL6rnZ","7"
"CBLxrJbM3DXyfDYXo7gkF4LyHaCYJKY3wDmkGC1pHS3K","7"
"9ttqM4BiDFg6yP8iVgaiNhHEQPF6CUZTbsBZE4J9zxgf","7"
"H8ao3uqVscHDMWnomqXn9T7tiDyZNfQJ7tXmmfceqR3","7"
"J1hoc9cv38pWyf3f8obTYYvYTPi5o5rzCduo7CTYwmp6","7"
"Gic3dxbGh6LcwGFfM4t2FQJTE4iGEfTQZeUs8qbeJfHK","8"
"2Ehwp7fCDCAjTB8U9WRUM26LnbBVwKPxzWYgLhubCMyW","8"
"7ULk1hHuRabziyVv5xcdKt8ABSphVG6Po8vGMwLkDBSq","8"
"24xSvEHxzPRxHbUsP2DfHh3BnupEtciBwxDpEfshdYCY","8"
"8kr4kdEzL6Sucp2xXPuXkrXBzSMYb4ubcJqxo3cfHRkV","8"
"9w4D6F59RUqiRFty7N4fSAsWBFppzwodd9wXTGLFL4CB","8"
"HRnHebv6cneiteYMy7WPCuZc7ZQSFDrfvAb4mmGkrx6B","8"
"3mDWnrRoL6z7jmeBDdZhBg4QdWzJqYpx9uyEdfAc9JJZ","8"
"HKCQf9waeXYj1bWF1ycSryxAxv7E6q6NgfZKuFzm3PZP","9"
"7jgrmH8MmuhaFRsAAzAE3v9j51N9aEa2F7ZjQ56tV5dz","9"
"86xAvUv5kYHGLRm13qJDyFZZupPNn2HdMFa8jezCDiQ9","9"
"FdJrr5jsZF3DbauDC3n2mHwpAfw6MSqHHHvKjFKM5MVR","9"
"8iTe7StsrHfMyHCdSE6JMGo142jW8YSNy3XSJ7Nw9kD1","9"
"64Q2r81E5wwZmRTL9wMPNYEDmiqaPPCwrL1toHDoUcCM","9"
"49e91Xjgb2yXVA4kiiYygueuhG31fnx6enAAMiwMRMEf","9"
"3UjxjFwxnBbjv37VZQ7CH8UmhQbVKZtvwy8zawf5eyi3","9"
"DJs9DgmzjeBggsHLdwtPNPRDF63aQHUkNEQh4YYZegp9","9"
"HGxYAfH6CFRiayLm6kcYq9WpnENaiwP9goXP7e6zQbZR","441939808"
"CNMoSFCMna38F5oQ2bEY6u7nJaNsp7mxSwEk2dMuKNbX","14"
"EZLLsJAtRxvwW5SbLFv3Zy1VdYLq8SRfReWDpETVP86m","15"
"5YxQFdt3Tr9zJLvkFccqXVUwhdTWJQc1fFg2YPbxvxeD","15"
"FGE5NJwdf9miXLPrm4zEnhtCEJSLnZUwdYabcmJb4T8u","16"
"AMkxKxHGq76zMB652maPA3L5RghwwRbU5btedeYYEBLZ","17"
"RoHFzKPojG8prEX15My7N7oLsVEDesRWonoWyS7uoUm","18"
"GFWp45G8eedtdWLE7oXJ68sopHbN2bPFgMQtEwYyzZfk","20"
"6PyDorNjaLjncbBUzzjnzQcYFPckwMJCFDTJ3RHJ4od5","22"
"9T4sWeR5xzXjhd8iZ4MYBEhfmkgEsU9NcCMjy9yuNtWR","22"
"DwTWNNSTkZid3jLDZ5eFbFbor6riVVTVvejfKqwbhRDK","28"
"8rsZGYkEaVGFjAve6BzxrjsDfoNWSBwmp9Hq51zD4wTU","28"
"EeRfJB5RdYBRjhuFrxsgG9q8W3TXuGxG3fMMy1f7WoGw","29"
"7fWeqMgsjZagKhSmnKD3h5h2AjvNEB6Q6vmNGWAhC6YD","30"
"4t4NktCz5K4wuExo8QTnrjvts4faqi94LK6d3zj5G2aj","32"
"GGhkLmx4Chc6nw56DF3awEtB9G1uEN2u4VMXbPyAUmG6","33"
"7VtfL8fvgNfhz17qKRMjzQEXgbdpnHHHQRh54R9jP2RJ","34"
"9CNyzTVS7qWjLcoTMjSr3gscD9Wk3BfRqBzgYbTCUs9i","37"
"2NhT8kf8USY1CRcUCQmc2efxUbpSB93oxATngynvT6Bp","45"
"Gg73TwCFxQ3kWGJvqQ55sSPpKmyocJyfQeGc7wwewXkz","47"
"CH3QtVBzzbZW2zBct7Sa76Ss76azUfiaTyNTpFCKyPkN","50"
"4K3a2ucXiGvuMJMPNneRDyzmNp6i4RdzXJmBdWwGwPEh","50"
"HycQEtcbQEQytjvifGcrdxsogriRFo3TxVEvKEVQ16Lp","54"
"DFVRDNFNfwxENnHvJGk9impwHzdYa9SnLdwgchruwh7T","55"
"9MBHbQvsAoFfEG9D63CTFCiCbijRns6p7QRXkCAFrWtJ","58"
"5H8kxS7J2LHWCFW25iWaYjM7Gtw6ZxBVNe3JgJdMHm4p","61"
"4C8jao82uyyUfgRpcywMi8SnsmRU2Ui7dbTMDEzE8ruk","62"
"D7uPQqLyzFkJLk3rd1fGFKHX1uq6u9JQrMJFccjA9Z1n","68"
"Eokjmep4Kv7wWHBcYnmWC9rZNy1wFkhXbRtpobnzjyQd","276"
"EiNucft3ZJR2r6PWG1BRV1cPtwUFpWAB5wEaEv1VS8n4","70"
"8TQdUfr4PC3XYjw8jRDFoJFuZZBFEy6xFfa34ZETs2zv","71"
"5cjcW9wExnJJiqgLjq7DEG75Pm6JBgE1hNv4B2vHXUW6","73"
"AVnJrYTMcDQQMoMxTzwPVw4WBESyg9ApT3rGhVf4tpKP","74"
"8Nvdy8q8eTxfhaqtBWEqn6QyDyF8eRsx5prFP6uRNXyb","75"
"AVmoTthdrX6tKt4nDjco2D775W2YK3sDhxPcMmzUAmTY","76"
"3FRqsSAXL5id4fdpkjmaGor76Q3TCXjchCkUiGYVh9Kh","79"
"3C2KRPUPAz6qSNuKR3bbHHGm8HfG268bW3ySFESL7uav","79"
"97xMxeTSaSEUfr9EdX7WWqdT392MKNvgEWHtFUZKiWmT","80"
"6G24zkkiUNZrnQmrTxC4gpr3ob74NDtCgj48ACe8uF9H","80"
"53uvyvRgpvuCZqy7F6UfrZsZwXVqaLfDoJhu4Zy6hK6L","84"
"H96KeJtmx2Q7ZdmGzJuSUsZYqtw7d5usJsN3J33Kgzcx","85"
"7cMC9A1w2ViPUUV1tvJM7pUaCwBuHnB1ssGHJ3VwjTWm","85"
"J6HssiBVhLMYN1L871Q2WobJYPB9hDjhpW7q6yzvR4hj","86"
"DWjkWJDBHK5sxRjZdepoSzpUS3HkGCNNcfngi1eGw1mh","86"
"9nhnit2A42gm6zf7Mx9HQC8mJbPpv1ciF8P1zFXrdRRw","87"
"zp8S3cbiAE1oXqobj3RM1gSDySjuUAAjkxKHqmoUN1B","88"
"5hWVirkk3FgvqJyEMAwgFcmZjY7iuxXygfK3REikDXg2","89"
"EHpY1dxvSJRtvR8ppWSfqFJWeJck7G1uSZcxQQ2ABy4R","89"
"4kJe3vEpxeH5KbQrTRXztvb4wAeZSJqSNtrAHjTmMmBT","89"
"J9NE8GJJh9S5HyHS5secsvMLaXCri4neBWch8TgRNyhF","90"
"AcefLdVz4mMYtGWMuEia7GKzR5GeaBU3ZQTsD3MrGQQ3","95"
"9kTkkapM9WnBGDVcFvPWXXvaMRFsYtqPt2v6PrFZ7C4B","95"
"8UC6TDZcU5A1EGbi1VvUdNcAQsQX5PMSHecvB4KHax8w","97"
"5hdZqrF3AdwmYBBYY4CpisgvPPHdwhfxUDRnu4V4ucii","98"
"6eof6LpSo7RHREJcKzcVWj6gFyzLGiGkFhE19fsFbUSa","100"
"FxFeEBsqfzCDnrxzGxYo1skw9ScGMuta4vngk7WXFWmi","100"
"77NevaiwArqaWNMQSNjNKfxkCQrousmrGdXcUzEbuLxC","100"
"7B5apUY2Du5i5BF2u37Pxwseb1kQB3nbbFu5xYHnHdwM","100"
"8pov8tt572WptZyoKQW5EU56PbxvJ4MAUxkN49yVR2Ze","100"
"5azHBqAGMmRHkucoa37DBQgxvLZJRe2uoKozjCBA3T6p","100"
"CkhFkGfK7XA8ipsQFtKWKnv7y8swV1seEuoCuyZ2PLuw","100"
"3wvD2EM6quotHgvLEm62WfcYdDtXA4FK4kKcx7K4uq5E","100"
"A5WgGYvLYbhqhFWodHu6QCohYGoNm354Sejbm1seS2az","106"
"HkSdQVLFVUBPKZvGitPCpkNzw8vbPePSoGNKp4oxo2FR","106"
"CdVGrsivkiZDKce6dw9LEm4uM8oMrKqsqWet9vMDSqNS","1510519"
"CHKn8xQWE8tGpp95ZmHeCqjFeagDNnwW913maK87gdGp","147"
"HGeUNQ6tBvNQz1NXuVY6ihVHPgfwaQkxqaoDdsfFG3bJ","149"
"4HxLkxUEcYyBaweKRgC6oqSkyuVc5bhhLhhNo73meZVa","153"
"GXPFM2caqTtQYC2cJ5yJRi9VDkpsYZXzYdwYpGnLmtDL","164"
"5bsmX1GmYi6hbZ8E9D9cNJo2v8h7FCcRzK5cQuSPZLV5","165"
"AYXtsxRA2zACiU4kKSY2ayuCWvwFhCXj43thCJcxqN3P","169"
"EXdZNfWheWzNZrg53atXSaWqLNtMssdUzB6kNzHxn9Mf","172"
"BuN5pdd26SaRKWy1SySYdi6oqr5VprY8sL5qfb6t9KQf","188"
"5oWuapT12CJCfYzD3f7kqs7HpUWhvbRJp8Xr2TwJsbCh","192"
"Ak4WTxX2zDUGkGRgz1wzioABsJ12e39zTMCurakiXyG2","4393"
"Xq53riUqGa8SFd3KHTMzxZqif4ydp2rXmFQgXtWAtWX","203"
"J4yoLRHJmLWdGgNJoA45KTqwqcsDHakktpPrx6ZJWKsH","207"
"9rPYyANsfQZw3DnDmKE3YCQF5E8oD89UXoHn9JFEhJUz","213"
"ExK9UYGyuSmw33rDzPQdUayFteLidkGNawoxGH7DQNAU","215"
"Bt6sBMbNGHokVqKbmr5xr4WgQgPyMjYjV5z6mrGGZnjR","225"
"6XkFtEirNk9gZ3KeFKgaCNWAEBs5ZPHsgggCU2XrbQub","236"
"8FdPgqkV1e1s4qGVKaeyB3M3m4x9zoTbyHb3N2MdwtoX","254"
"5kuc45AKWVD4rETNWjbArXsNrCWzBb27M2jBvCW3XrYB","268"
"BqYx2R2oPFdtgNzVAEM2kBir1RsdvSPpxsxYSGhj44nF","268"
"1PA7mvQ3UDwzfuunsurRittbUKcsCpRqRh1LZwcT82V","268"
"7YgoP3G1AAQ9c8FtJCtQXXc6sTTJxY7xYrBwPpPxVQ7i","268"
"AUvf7sjWCRbQef1Qc6GW65CZeeyLKFDUULCdenzJrJas","268"
"81bqDv859sY5YbPb442tmAVcX12oQE57DjiEJK8qYmeE","268"
"42nCaHXtdjc3tY1ujC9dk9cJ6yqdqewaPtFFX27qcCFy","276"
"79p5czmTYoYTgaS1RurovwpgNjdrAzTWujJ3RheazJLd","279"
"8e3EdbYtYUC1KSan5QEj8iL2AbSS6AxL7h3MXnUPRtQd","282"
"Hq5ALnyLGE1AibgqMWWnga7pGys1YTVN9YEzP3TiayRa","301"
"FC3boYJasEKKDz3hHHtBo8ZGKFwjy8DHf6ybgHZeP291","301"
"48fQLw4qfzgqa5LFK76We4HetzkstKcT1h7ucFog4Tjz","306"
"56KhAuMdEYEubjqPHP2cm1E3i556JVWB17JUHykm88Tx","314"
"9HdgPwaMAdUhQjXf19gA1exdyUUDJELtA5bx65LgaiKD","314"
"8yuUca1c4iCfcNu3H9GZ6pfBPi2HaaX6CMDzcyMPo6eu","314"
"DWqBNsTvUtJSGnkb33uPrvSnyVHW97qsBHjkRFgzUtnk","314"
"8rz35sscFEQaCkgYGVZJJ4mShyA4NudShHVbiSUnFJ3p","314"
"AnjdcZGCRJPybwGVZy1pi3VA1XVX9ffWHv27dHM4vpsx","317"
"2pfkj2GX8CuXVn7kzyDp22J7MLGVUf8v3bxvW3UGsiRn","329"
"399jJcnMTofbCEidnH6x81yH5kREPnMSXivPDAnJM4ZC","329"
"5UNXijvxFUVEsiSSM9VhN1w42yd4codCZUq7jyEaqQt9","339"
"7XbAjAhjV8BwrUeMu79U6Mcmx9Pjg1VjAQBJknm79mK9","361"
"CuYCCdfsvRmigUGKtcKkJNajhHMcdYCtG7xgvcCJtFi1","365"
"6b2pR7e4ktuSAVozoEptwRDezfza6tbvmdtXFyLKva7K","367"
"BttM27rozPsQ1wymgVJbN6uEDX1VCfFpiWAGzhL56AqZ","381"
"HTK6futWt9EiwYyShy6EABWmeYxTYYjJr2gcAAoKedtZ","389"
"CkbyafRsCHm2vGWG2ZpmWoTXyCaUzEUmfLknPvbpqNAt","396"
"7ZhdZP6aTz9Ekwx45UjmTnp1tfgVDVpdg7x44ngHXXBg","415"
"Bn93yDks4y8Ws86fDKN8JMS2XwjhFoc6MU4NBBWWD6ni","415"
"FpnVZkQbXiXoH9U9dygwXtz3TjASioNU5xrbc4RipbbY","432"
"Dz1JdU3VnFD5KiNgGjALefZbJifJzfHPdRLrfHAL6HYD","436"
"GUxLa3cdWSHsZ9fgXRbpVv6R1mJ1e9UtVbd3BNK3WzMT","314079"
"Hc57mjRtywhYxWhkjzhq3Jk7o9zCdtJyJBW6t8hsCDfE","455"
"6SmPhi3Wdffde9SHxWuHBNsBNFqK1KZo6vEhMSaEX72Q","499"
"9rvUUN1gZXrAh4LPURjempvSuArB3iqYshf5FgG9aGoD","504"
"Avgu2vHrNoeGT61jL8mLiAiPCL7oqw41agzrKSNVVcRw","517"
"BWTPkb6pqjzSpYGXAdipH2ixGvnTvkbiFXbxeTEu6eMM","517"
"2EeuUsxp23Sbf4Ly5c2HBPgYQ8vDPQJNfSZ7sJLW2D3d","546"
"ANhqQ5PFNzKNnhuKW5zf6yZ62yFxGB82NsT6xBgZ9QFD","546"
"BBxrvrmQmM1QkbZ6Ad4r9WrqDnrCKWaFwyHzF2MJWD2v","567"
"9B18iaqguj3NHHTja2BAcdiJ3oe1prcLeSE3AjxCBVRk","588"
"8dYSYWhZCtbRmARKyeBuoT2grtfzbT4wmWjbJRPxTuna","596"
"8UJCADDUyrCamQbRUeJynEowPGvzDMZESrUqVLv8ibQQ","619"
"CSx1i1uc9pzjHxh7LkZhhMh119MEDhyN9u9oPjMewqaV","629"
"4Eb6dGW2eN9bSeRKDc4p9nUQ2CWZytXRLH15LytzvxgT","633"
"EJdn9utokUscCPzej73pFiJa1ZapuYdLDLJrncnNoLVy","644"
"EUhuebT5YnrFyY6nrRviybYQoJRB7bJdYf2v68399ndV","653"
"GWttabEQC2XNh9aMrXVFdneRoMKBVN7f3YiEa4L5EEy2","664"
"2mV7RppjaCZdskuyV48zKAtL9w23m7qxgGPoJCz7nbn7","674"
"EyWWYqpRPHaWSVQhTa23zm1GyXpDKsbZh7vRH9F9K8a5","679"
"AbioPs6iC4ccXAAfeNwhHyoqBE3Sugy1PE7DZwhwNSzT","688"
"GdgM7mn4JWy5zS7tdbPX8VAfwLAgs6DGDucGM2JYHqDL","692"
"7dWwbj7efvMMFRKHVZ14Ps3kJwAsGgLMgtaGc9RcbAPA","747569818"
"9DZ5aQW8RcN32247TqPbBPrConaii44rWnfEBZERUq7k","733"
"5xyLJkCZ6ztnahA9ktoaQTT6bMuTSbFwLxX5EX7YdUNr","768"
"bJEqDPrUuXk84o45VMNvG2XtUtTgq4RFkoxbmX1Pbtz","103000798"
"Aiti83SK8Wwkqi1pxmJ7Vxt4wRFFZygLvxmepgAnKrNU","809"
"CEVd2tu9L1P55eJxwUq3cnZYcSt2mvuNBbYLxd1pkBTi","826"
"2M2dyRi9qAPUawqkQDHQKgTBaoUov2Vr92Ljobtwqd1M","850"
"ESdL63vUFXbKdYt5uj44TUgsm2o3SWu3xVXPJii4hPr","853"
"EUkQZUmMka1zFymLfnCahHe1bvk7naqB5XF6KtX2jt4R","859"
"6L5oRau2dj4dcCVjaqvHh6RaRoud3mAaoNmW29e7rFsL","865"
"BEwqewSEqhs7uco5m3VZJKusGxEfFdowknGKNFhAcEeN","870"
"7k57tgCMsPXz7nViVdmm1NhEzjKVBvm2hg5cDm6Db69M","875"
"CDAFRKcRzad6HkFjwpHqn9sis5P1R17WwncBeRBTLCWy","71113186"
"2HKvZFa9akyJoq7SnmYYs18WHQyykvL8erndGdfA7BUS","895"
"DinRG9HNwgwVwtpaa2Ep3yGr69qqQHZGxkqB4hut7Kgg","903"
"8ihDjJq1yU2ERrsKeFwGgkmgR1EJvqGqMZqbMZWL2wuA","909"
"tVcxQUiBPgSGBmJgtf1utFiRa1ey3uZrBXLy6Qs7PzQ","926"
"5am4NJ4NTTBizs8yQTbfF5UgBXyqz7W545FAWBELCp9V","938"
"BM9KZ3rq8L4NpZ2T425UUh1kYRTQaw4gZoesjBTYmMvs","938"
"5NiqHVAnR152r8ctbFJoFr3mwJ8fiZeFSHHCtDPhj7WP","940"
"ApKyp6H6Srf5YB79Q8PxrJr8xRAmGFRAXMbCmZRdXs3C","946"
"8yfgBdtNb5EWyaTWiY8CXQY8wMF665yDp4nxcSr2PbjG","955"
"F7PYDk8FR1dmzN2bkmeNDz4gKWERFdjBfqpvFMq4yj2L","958"
"6dgetiX6g2cSKUvZqXRPncNP67TqwnsAGQQUroUqKJjT","972"
"E7CSp2fgizn4zbMonCizTP6aytoN3VL1zVqKk5j5GwKU","976"
"3dRyPa7HKcq45LS7n768Ab5SSS7RaBjQDUCKSuVYfG4Y","1000"
"7Bo8kgdEMPbocW4TndCQGkm6N3qRwvCicjDbgnn3SLBp","306271597"
"8gU2uEQjmnWiXcaqTv67qm8o7oyTLpLLZjeMpXihCVqK","1000"
"z9ivMTjsNMJzf2xHH1x4LtHuSyRTj2yC4SP3H6CJ7Nd","1000"
"2NYShEm5ub2B1Be5xHqB5uZXThJ8wQMEwS9oerQDDX4P","1000"
"B81jyGwS1oeMb34Ht9sBPxUsm5BuHqLQX2VsLs7dFxu4","1000"
"3kCVqD9VBT7TFYUBvYH3PtVPUeY4GgXb7jQFHF4hPa8c","1000"
"9JLDbuYXKy1uHPv93uKdsLCp71N3ysCH8MhDWFTBeri","1000"
"gridqZmeBcsUKT2Mv4M9YFHFN3tVLFb2TCtTcLD1cAd","1000"
"A4ajGLo3DJES5HLZLMpjifQQDCPkhmiG69CUN9dcvjrh","1000"
"3XkQjY6FnRRs5dJxRWBVSVLHE1cVT82LpVYsW9SPHzJB","1000"
"67cXkuxfdhfpWMms3DDKFGZCMsiUKGnasUSeg48VkN7f","1000"
"DXsnU5PhQ8se9Y8eSetzC796852yEoMoa3RqwozbkbBe","1000"
"a9WgP6feHD9osLEboEYY4VA57mmvp36Ym84tpSmCH5d","1000"
"DbvnA7B2jhkJBQJSgDj4pJXk293AvpSfUUJns5SdYBpH","1000"
"BV19XPRjVtN5GNNW33PesrnYA69pSYtd1CPo9krie21r","1000"
"51tSwztLZjogdEaqYLE1yAyyKvwZiPxX9soRUYcjwFk","1000"
"FEV69d8bnATHmif53Bc9aQenkgPyrgLcRZwn47owk4zK","1034"
"djS5Q7PF2JQjhPLBZDP42huhZjzEyKRL9BHn9LLMXrK","1048"
"8PaXJJqv3vKL265j3RbY4ZidUdoxPebADsbQN1yqcQhA","1100"
"FUEL3Te8gvaohxwQMapfMTeJVHh2z1BL9fvTCcHZeYEh","1127"
"4WBmE2wCryuVWoLY3tqkNsSNuAxX5u9afVyHTAtoP9gc","1179"
"6y854CtTjkNs5nKU7oajjwzxXgCw2tndDv72Xh1PnEKd","1285"
"7didWi5NtxmuymMRgBeFzxwFqL4S4pRsxAQKG2ipXqjp","1344"
"dHPAHZF2jtNqdHmyMkfrqEwygeyRpzT9pDhTChZw4wa","1475487"
"DchV5YhFg94uNEc4t88FPQw9JHaHwYqf5xsKQTEeSEnE","1443"
"54RKZ5vJWaqmZjC2mscPQ4tbX6FRidL2tsHgEdW851Xg","1455"
"GpiEotVUP11uvG7f3ANbesgnfwgBt3h5ZomHHqXwgp8u","1466"
"9C6joGuzGEDrG7ZjuVuugfgd2FWQFHYq1jKMgHoV4xyp","1507"
"dJqFYn2BoCVZ4wYqmbftWEVb7aFZ4pwxAx4YuV3N931","1538"
"8L2y55D11k63CAftvW7uMM2mBhtMxLoLnivG9uY2bt8j","1567"
"Er3NNsyvJoLuGf6bkfLVUHXz7L22CgAkP71dCrBKRKLg","1567"
"CCiNYaWiojdCrhn6DEJAQW5q7Rd7NynBVMbdvCAqEfi3","1606"
"Gt8LLev9Pj91bRSeCC94ckKZxhaCrb1p6kK3hfLvUZsp","1624"
"BGoLKj98EuUjdtW2pUZ4E1qREm8EXSdYGY4ea2nK8wGy","1755"
"J6bdTSmNL6psrJytTVCrKdytzkrNPg4cXnsdJFVCFRVM","1798"
"AbTEsxxbsojCRJenNY3egU5nz332AQDuu2YdMvzSTa7J","1823"
"ExrMANb83PvBHetMyTbdWrfdZkMEHtxpjy4MiGTcBUHS","1888"
"FBEhKSNZfuszqzEMBpErfKEVXgNKhu5VdVQqjrwFaMnN","1890"
"6BarEiTUBQicAhV87xgRzfpR93kXdkjSLycgjfrQoNcZ","1914"
"JC6C4vhLDZpRsKEgyLSKbrKAWVx6u3qoDRGxKBQ4ej9c","1937"
"DihemJBHf2axQzxPiG7J7kebZd8fbx6Naj3PbSFSnytA","2053"
"7PrHNVreQJepjiNcnv3jEhhS8VuqjoLxYDQfDy9Kdd1K","2114"
"9JLkVAepDSnxCHUX3QbXAjJB2Vz1yEPbPpyv4inDFW27","2154"
"CNBr8TcCHyxGZu77QVLAubP6ya5EwYbDhbGykCBtqMau","2184"
"5DZywUy6CaVsTogeMrvUiwBMMQk7mB1DN8YtuBQioPJW","2201"
"FBNmrFm4ieXkupeNKdaXKtrWv8yM1SfoXLY47Qu7mATc","2214"
"68oiPDuYCQf6Uq3bWTAimM6BX2MgsUUQMoEGZrXTHT1k","2218"
"GhST2XtJsEi8Umh8TKa9nhJ4C6Py5sget216a1D9jeru","2268"
"34tZFRHs3ukwCphoa86FxaTPo39XvMoGJPXJUgedbP2H","2314"
"F86kgPFpz7ybUCzWm6A9i9mo84ovjwaMRhqsj3gRR8wc","2329"
"AeETuyn7QxSaH3LsELevSmFy3s5bn4KB3tP7HPBh1zQK","2365"
"GpnX3UWGTEnoyhkKa8vG7fx2r12Mh2ZX6oRBtZK48idE","2463"
"EvfE7kixoksY2Z1yUnzkuKQF1t5n6Udpj2AhgzMMSYCm","2503"
"GZDLpbqxYfxP5Tn6Tz73HaX8q68UjGpUCmQo9C43cpCc","2535"
"3qu6vRhC21gb8Q6ZGV5Rb6Yjr9nf9b4qXBXHzqUnXghH","2559"
"EMhuez4GVB1QjgFNTHAi8priqCK2trdKrfCbZ2Ba13Rr","2689"
"A4xZVTQnVz29qJq79x6eeQpPXtuTAYyYYqFn22Pdvevc","2741"
"D7LMV4fA9LcJARkJ1rAmTAfvVa5k2ZbfcMkANeM4Ycpg","2747"
"CvC6pisPQhU8TXk282wVPzYLADmec8Y8FoJHhBRxEgVe","1671602771"
"87F2s7j73TbVo4xLWBPA9HzDyNCoz5BFPdQx7soGcEEs","2819"
"J3iLXi22VrmEBV7osgG9ih1pLi5mC9J1CyVcGoJpPLAM","2856"
"4heztabr26zfmVmUD2VabvMZQYLGzBferxaPbM7r2Vsc","2886"
"HUyjYaPFbpTUVtKxv7F6jheNWoY8yu7KWBprnFcLzUQk","2988"
"3NsNjHm4Vy31VYcmxF626o2oTZWWZ4WT5z9meZV1FFmR","3097"
"6d4eakVwpQ4KCEcyC5gKnJrqCNS92PsxVEGZcrdASHdp","3136"
"Gw4QNxGGByKXaKofnfhr9YQbrnYNLb5RNn958toTizPW","3137"
"HKUyJaSht2ed4HhGWKbhW4jQmC35TJYzeuhbJdd28oca","3180"
"EGMD8bwdsYCdhs8oXxTyHgyHdqL5oUJx6oxK4re7zr8o","3197"
"Fxq9abUfUCpvxx7T34QwJtFAaGWiWoa2b1JE9kvGx5QH","1004003198"
"HCXcmiM4oNLR9GD4ozs5WqKg389pJfzkdUYS6RixTKHk","3220"
"Dh7CssHQcMSZ47uustLFDpwivz6nemHfdCsqX4ocKEN","3339"
"DtkFAupYXLcjpFwYYtYZvbAmHuxkBf3a4ghvx8yktEgL","3355"
"CxabTWt644j6i6tAM3Fb5pj4NUCL3kBre1HJgZXQGvBi","3488"
"6EPuUyLUMzHxx5uchzpGttzj9Mt9Ld6y1rUtpxuGDukM","3497"
"CRRAKqR9HatHHJcMGY734UsKC7Vv2cMRusTyh3iT73mM","3594"
"DRjnbXpWECC6CiPrFMHQG6urMbKHY4mW24AFdqWbCzGk","3594"
"DY3YTPC3Wr5tCZdbrvqNHstYHSg1bPp7SE7SGK4NywSA","3594"
"2TuXdJdZi6R6wUa5nWaQp8r3uahrwWCLULYBypSmzp6E","3594"
"5C6mR1FVswM52jY9sfSksRA1Kqh1pn14BMGi6wGkixD4","3594"
"62BNgDJmBE51kWQTeopTpR7LQd97adtV4JwDV7CtSH2y","3594"
"6KojgFoc8L58N5SkHCDEjadWG1bhZHcxjEoUd78451Cg","3594"
"4qocRrRP28NhctH6z1CugMusTENYFPtHZKsGcsTWsFVH","3594"
"B8SyM88iCM1TbTryeuf8MwTixAawQNsW8K82dJQsj7Cf","3600"
"8roVXvDKwg4G461hmEZWF4qxdok2mQreFtrU1A32DnPp","3612"
"6dwfyhGSyBSz12SBM2zvh7qXNym4MDdNUTjZH54uNhGS","3635"
"5wHvfz935sKB2zLZREVa474Mm5bNgQCJbxCNYaTMK8oH","3643"
"BKdDyKBR57em6PbRTWJUYRaD613JE9RZ3sA3Qy6veFK5","3662"
"DQTsqWddBqUhC7yETUBggzrtQfScoo5ZosMHCH6K3FSG","3674"
"GGdy641pZocBxk8bb5KEKUy57gNZ5B1eAEx82ZTL4Fjh","3675"
"LvjCuiYEvNiHiXNAMUPUDbuCrmaMTUyubLypXwn22Fm","3686"
"CnsCxcPcrirFVGZkrfcWGhjLvfAkKxck71V5dhTXrQ1y","3691"
"F8LwNwBEP6znnCzAuy8S34WsvDjrS5zPrKzBtzAS55py","3751"
"2EBzBSBTjBX9uFGdVWgDG72ozYQt96sp4J7oHZ6hc2RU","3757"
"FenmDCvZ4CRed7oyBoqQUkJDU1dWDaRcbCe4CL3heTQS","3762"
"64geQ68nmJhF7CLWG1E9NmP9AQq79hkMYmPzAdPSKQpx","3775"
"km7uBbinrAazy5pNazV1k9jMJfoCPjJFCMLE7j8gvgP","3803"
"6Yjh1ph5aeeyvSncnykAGEC5WPhqbfs92pHfTrGPc5n4","3809"
"GeyCwCXukkqr7THtXnLiynaypshjZj7XmGg1xDXCiNVs","3889"
"5DM6Wa9fiAfvUGLCegvdcTjVW1rtTwu4Fjpp71onYxyq","4017"
"6kcf2WNZz1oVBhmfiB2qnrZuEXkMjK9ATVkMHVfQS837","4020"
"oWBsU9RZ18JNVWif5SFvoJGDBwMgmDAo5n6YQz24CDS","4076"
"A5WRCvDWbSemZGG4Bp5pXgV8AYfFgqLEYo6a22bzUT9C","4077"
"Ccqz33PZW4CEKBhvVaC5PFSJgk92k7d2djSGX6u6bap5","4086"
"AhuNyBv2fBdWhiF3eXR4LrjtShrLFpLgD4xHw7t3fE99","4090"
"3YZLfhVZXsN8LRkzxZsUjETHc5GHLQPr1AgfqCuMnHGV","4116"
"Bnwgex87hvCK9rotDwdHiQgxcvwhTjP7R1DsLsTTW1jM","4135"
"62qc2CNXwrYqQScmEdiZFFAnJR262PxWEuNQtxfafNgV","4219"
"7gBWNxJuzzvoVRcV6o8kcbbR8xeZ5xYuWi1coLzzwXNQ","4261"
"9ykaPPggYn2RGkWDBfMd4R8xHJxRMSSWgbhLHoHQ7EXj","10655887"
"Chpx5RJsBJasTJG4cmWpDb1VEEgREFAKko85uT548vas","4281"
"4Z4ud6Eb8YNVsy9yywukyTQegsnLqyLfDjMjqxN8MizP","4309"
"9tDyo9h1nPihcwzfoHrz4x2vtyR9U4hZNJuHHYLYHfm7","4317"
"965wRGc1wNRHQTiqPATy9XWk1LbZBDH2xtSrGs2npsqw","4325"
"CBM2zeNnYGDZ137nARHpznojHqTq8PLXh422u4BN2gir","4371"
"12DJTPkYZ4bRJDCr73ij6ePUBy3Nctb5rzFvGgYHR9LV","4406"
"FFAUAMQecaYPYLWN6txWDGFccferTaNq1TJybiN9mSEX","4475"
"3pyQDMj2jaeQ1rPYit3Wx9WXd54wRqcbbQHffTCEFgXa","4521"
"EXqoGRD7xoxnQiLVqhYaPupngF3Gw5f8jcaDvk9nEoAp","4541"
"6SKg7f5gg2tJkCv9kBw9KSZsuLfy9ZX9NXZzPLbe2zev","4602"
"5iD6WQgFNqfupq7tnXdPixhsUpru9sPPDg2Y7XsAaSrM","4623"
"5tC39x2M9aumkGuC4BNYgbXRmRcLKAawyfVL8zard9Dc","4625"
"FutQpemBnvzyHZVxBSW33XY2Y9yr3WhznJd9KNutnsga","4626"
"6adznFCan8HovPdTdfr7yHAiCAuDTBucAf2Q5pXuneA5","4697"
"CWviG2PTNJV7Ei5K6JjLwphuARkZE14vrDSVWSsnvJiY","4732"
"CQP8s6H91J5Vaz9JVTxjL6GMhu5xKoWDJFMHQgm9KUTU","4752"
"DzSngdJXHdWGmUUGC7nhLgk7kv538tHE5ZRV88mLJbbB","4790"
"E3RLqVunkcT6As59U8ndLLcrXnQWo22qr8KTouRqwgQN","4936"
"3x7brFsBYgAg9RkPpcqq5EpAYMeFewuHzpdMPgehgM5x","44997"
"3Z78j2beH2jyUJtCkvcrri4sY576zj9yipPJyENVjvLm","5008"
"D9ZTPTj78CtdTAqTsoGUiMPvzsXZTvS13R4pWmFKgZp5","5042"
"HPAXxvkFz8THs1J8wMNQEPpkjgzRFZmfR6j6QvCEayRF","5125"
"6Foxor6puqMkqdnUbJzANSoJM2eBPN227gv19LDBFQBs","5156"
"BioiFwjmhYjV1qmtj7MFJaLP4f3rCUmUfqScWeEi3Y2y","5266"
"92tZ9im2Ku9o5r9Gs2ks7DUVMuCBEQyevuxXMq65Z54q","5268"
"FkEuvn7svWwXHnzNy9X3PNqzi8rEesPz1dDY7H8uVfam","5282"
"85iu9N1Mz29U7cLycFwrwp1DReUTb2nvkrQRVrJNer88","5381"
"8TNsZfujVu5FY1sEHH5ah72FrDCDh44aDURX5s2s5Zg9","5473"
"LoAFmGjxUL84rWHk4X6k8jzrw12Hmb5yyReUXfkFRY6","5530"
"BmXgtqABzM6HMZcfkQ9zBst4vEzvPDyzMjsNfN6yseL8","5579"
"9nyw5jxhzuSs88HxKJyDCsWBZMhxj2uNXsFcyHF5KBAb","5607"
"F1vgiCJ6e6bYZvoCYEfKBLUKPZNtGUhJ56i9aRFANSEH","5627"
"GbM8DkMBrscNDt94zAZMhaU8CVFWcb7CYfEwCTW1BMu3","5673"
"FkXjWbrEd4nmiCYHeWP2Kh77Z8VzFQ6A59adxbQw1S54","5701"
"HWoXLVVTZ1NyHy9uEcyjHJQNN63AfEPGCbJccPGmAwBX","5800"
"Gp8DBgWAMFuKRxnkCzb8FzYunSm9b23JvGXBYsJJ4uLo","5818"
"7Hgt7cuyzTuTnHhkVZSXV5AXyrMpp3db8M2CTf3PUKzh","5849"
"3b3zfYBQ61sEicY4bhQMKUvRo9bAxPYAz32uyAP9Cj9u","5867"
"2fU294cMk37J51cGU2U7RMcKmR3CqN5ddvK3Pzb9tCGq","5944"
"3ap27s9LMpVmBJzeADiFtfRsTz6Etujiqg9q3rDGwFhE","6015"
"E5TYHb7maHb8vH9a9K5wnkruXJW1Yg51mGyVNVoatG7x","6096"
"8fNsw2xDpvXNNEQx4T7RxWWZ1seWTmgYFFG5FtdxZVsC","6139"
"BqeY6rhncW7joS5K9xvtxRboqVxE3MiN1ET2JmHgxTWX","6181"
"Hq5g5MbsiYRPNvwmgk4ZgH2647tHHoMpt6cpgWvXrQsW","6269"
"45pk3jRSG2nDB7FbhHC4Y9WHSpAEFsxdFWN34g4qfAuV","6318"
"BWAkD6FBFirHbKEexw4roCD261DVpuKLaBC1wfzaEDtt","6342"
"GQjUUc6NBJ6TYZhnm4Jhttq7zynmsYLv7kWMyLUf25o5","6397"
"DyoDkqzqXrbKLdSmbw1NUxfRsawBzgHfcnHJ6Wqgh5Xd","6471"
"2ijXw4VUkTF3WginobXEFEwLNJTYNtcEr5UgfEYPvwTW","6514"
"EN1MpnFYtLE7MPj7b6mnihBjK2hGWLtz3LDVv6mWoJ9J","6523"
"Dm8PH1SrXh7RDo3pbxSMe9ejQ3icf1Beang3otTZSv3i","6532"
"4iWj26WUozWKPGDUGgSvnhFk2sme6N9d21Mw9b9Fxfzu","6575"
"AbpfVgq249FxC5VW43TQAYLw2c5tgGrHYEZzjSWfgr7L","123246591"
"Dx7ncNwjYLV6bhY9ozHZ6kdTHWKg3uDhwyvwBDaA9gaH","4578306081"
"DzXr6Fk8jDA8PLGqronYmHiXFN4sztZ4DyHSJXdbef3V","6771"
"BURNNeQ2zERsVhL6GgJR45CvGtwdxHeWBs4B5V4zRFgL","6773"
"DyCi1HcjQKu6bYaKRiVesWX7pfqNoaSUigoCiduY1zYo","6838"
"9PgLGHCeoCxdUra5c5sG4n5B7YEKvpUGESYFwvaM3sfP","6854"
"FWkfDsX7R6tUzCrdgNwWuBUmRqua5sM4kjh5GekynDSq","6864"
"6fdbhifsdv49bEvKjms8qZGSU8b66LwKmdQ9rkgH4nei","6920"
"B5C2Fw7WNQfz4wmmefmX1rzGkUW1veeKYHXhLbwz8TGK","7009"
"3PZwc67r6RYFsJxzHrSf4ToGZxLTc1JFG5xeou6AW8FA","7011"
"5CvKdQkRctaEjvq5rgudtLjW9vjLzm1WUtd66TQBqcqU","135841"
"6M2gbTdcDRdgXfeGA5EqqLtvRJA2MAT1Mp2MuttjdaMY","7180"
"AtfwFfmzS5BQr5fe2cfSSm44XG1Ruqh9BvtXoXThGbd6","7243"
"GXzbgMeBVY2qDQ2Joz7PrJmXsd5ZN5y7Rz5VqZobXsW9","7309"
"9EmTXMnCvKzGVV6Sbv2Pnoe2MLhGZ2VcxrTq68twL4Hm","202431540"
"9EZ6hmK9qneooxMsnYnzNqMF5EVfvqQbKoX9eZEESXm6","7469"
"FvGaoDc4oziYGMUS8tCMpTezUNvTjRqb9MLKPHTtWZ7G","7507"
"BtriaVBJg3angeE2hHK82HB4tZ7zdEY4ata3eyXmTi54","7513"
"6KCVtuYganmj8ATrziwVvS8dSZT88Zpk6sQDAwvP6tQ7","7603"
"2HiZqtVwtCZVnaexWqaw4XWRgYsz9ea7BFxKgeQsSDag","4400540050"
"6FCaRyQwFVjiASYak5vdSv8NJ7HStNxcBqf758p3R6xL","7810"
"5KePnXrd6euX32XRA3cAUAtww3nyhu3YVSH3fUJB5YdV","7928"
"7adj8Km8kazGGJs7Ksz6S6Y1W7trHv2EXcYeJ8aetTLC","7931"
"58rYuNy5MegiKnCqiFXUXnjNQV9bAYqXXkyW7qHiSWNQ","7947"
"9tMYeexrdB4oZzYfhdwJ8xuANYZL8KoTWc2HAUtNoGK5","7947"
"CQK3dscd7NUJ5Fn3vfB2wPPz26g8WrHCg2CrxpaqpN2m","7981"
"26ztYb8zMTEHNeKHS6SbQkkcGq4wA6XWm9Yqzjj2P3d3","8000"
"5s9Np8Y8SKDx1jZ1gSBbVQTK6iPTdBHgzLcozCDmzKZ6","8059"
"46VHPkhRCy4bvoy7bhWMG95qqyyJnSjb4mcuNAGvDNBD","8146"
"7n79JzGuh1WmbBuoiUZKGLCeheT55R2abhUXXZArnScB","8162"
"BD9J2xq3ETKSRQJrBA6DJNmuU4ptGkRB7Zx1zXByYxjK","8175"
"6jR1PAQSxmyncAbDAf1oKmUKNWpkAfg1MoJFkbJRY9BB","8175"
"9FUB68jtMcdpXLNHePN541smuvmbaUFQWcejbrP5SHpX","30312530978"
"6UpYDqTTv3n1VrasD5Hxu4hvyhPk3z6ebuPd5WNhfGkd","8282"
"D6tEWE4roK9SorXLiUWr4upXQTUdpSW68iLgcCEuRkjo","8283"
"DVuc8nacuiGss7QE5K3VHzopmdtk8eeANFt5PHAGLVyh","8326"
"AruQCHspoKoVQzcjUu8y3oHPcZNZD989GoXCZhcfZyri","8528"
"85KeLnZn4za1G6SZdfxyTQ5zSUgxB5uNwPyAoA1yVCy3","8632"
"FdbB3aS7z282jNEY8nWK9uXQiX9KUyNT3r3XtcRqYyRo","8650"
"2zSFrWqFyVeYvRqfvqdr7rRFYogVe7ehEM2JnrZxnc43","8728"
"5G3DXaTmd1BfpRPwFTqYk4Hvmv8aWiPn4N9vkTiTw1N2","8857"
"4Kir4mN3foBzcfWXuoLtvoBz2NTLncm6EyCYHfo7MB7g","9131"
"HLVBzHw6jjxFd1kfUsmJQF9jiaAPqLhLYKLygSwAPouV","9141"
"DdRSsWYTU4iaC8nBN7RTrW1kQ5yJqBQBXBxHm1Q8aG9n","9180"
"4yiQYmeQ49KqrNWxot8f3QfdQNvqEo4juzv1oht8Px6B","9199"
"G3itCVH4VgVVz22fhQA3xuw3yJzxaTi52xjvTNmVh4m3","9230"
"6rnSUSNstL5F89UcgWFsJxrS9emDAPdm5jkAdXqofdBF","9306"
"2MCgzTE5PsqH6QczadizLKAaPZeSUMqbUtab2H9ZTs7D","9361"
"GEQx27rhrJcfCGhVpKghpE3xdQSDz5vXQapWoDmCqP6g","9375"
"5UDvTd6XYxwx2X91aS7ZJHrJuc6uWkzY719oEwgG8bCt","9381"
"1211GTW72p5UYtEhnFJU5QCc5MsDHW7TkdQpNvKkhhJj","9476"
"CPjbguSSHyQM4f62YTK2yeqzxfdyXe7eM3jzgkVTT5N7","9485"
"CzCWPDnse53ip5CwBU2BeYxZGkksB3yfVZncStmzWK5k","9514"
"43y17P63rWQiTyZjbAgYuB3joPZ8jmHfQQCTTuhwyE5Y","9519"
"3LdcksHQxoz2cDJvK7L89ZY4hSaqDd4eCDdT63bxEKJc","9666"
"6PSJ3DpEhYWsShVxjVNK3c4FGj2o7tgC58zaxH7y9uRA","9702"
"FeBR26aSmWMGFZ4MWQnRJhimRGcqFCq8sEnn197JAbQk","9767"
"8CBsHM9g3HVxdwv7EuA8sFWSgbn7DKBYJuaTsNZWujeN","10000"
"CF7ZUabeYu1ccWvPcXzALSPbiiKXsacgWW4MUY5ghamp","10000"
"EPmkvTZZKe2HnuNtVtVSUE8CXFmziC3fUvABgQUSrqJz","10000"
"4XBzoraVcLP2zv8oTbBCZe1chMEZpMvWmQEogVgBUadN","10000"
"5vDWzYsrJRxdHKYurBaDacZY8pjfK2gkfNXGd5KsFJ6T","10000"
"Ft8yUE7Y6etmk6MBNtm5z8EKsErXcr5UpikbH4j7zQbk","10000"
"9JSuR7y3CiNdtpa7mDsUMCtGL3ijP6gSNv6RuM2qJ78X","10000"
"BoC37MEifYBiGdBzfRwNVbBERFj4k7PpCtu9B8GziTxw","10000"
"8QtTzKXgWWiUXESAumA9XYcECjUp2eLxrHjmj4tm8m59","10000"
"BK8XQ56a8APTr1E6MWoqKDDEdMWcJByen2CmuZzAmaju","10000"
"5HY4mTbQEpivSmj7UEF1NoCFXAXNXHwgkMHRGBDpDoj","10023"
"J7MVNvpMgCG9LghFktbx6LJdMvzgNFFPsVUfnGsCEHqF","10039"
"Cdx4Yt2TED94J9fPbDqmJCwvmguzekkFhq35AauCpT4R","10133"
"3TJN9RZbjyRMkDRE3hVxP3rDh517wEJriuUFtEC2C8fr","10367"
"8BihETQdk4AbS7uzEjLJbgiKGMdc9vReDTr9Wf2CmrbK","10369"
"CPxgyPEDZuG8JquDdKqqDuDVJaKFKKtU5Yqx89nmZDSN","10619"
"B65Qk41uHK5dy7WwGCKNieNrWWncR8yWmm3uFku7wqTt","10660"
"9BtQ8JMJAZC5umhaorpcBjXPKGn3MY4kSoCiTvZ1piie","10689"
"FKxYVcj6G1t5jZgZ4RTsjHm6vNzSBVWt3N2AiavjDw15","10884"
"Dv3X3iYSFG5yZZ11Ex19yfea1q6rJyh2kfbzaUukstc","10907"
"9BhBwW2RcHkye7RdZAeibH5KMq2BoSryLa67tTEqp6qc","11371"
"6kkFrw1Dwp6Rha5ACzVbjyXTBQVAN7xEQL3Am3EfkqB2","11399"
"9cjN64ScBiQvQ8T6mjGw8dWHKyyPdCKp3UXz8rPHYnLV","11980"
"ABczgPEkETuNUuCMVHj5VzVNwVsZ7wgmBhVJs81QD2kX","11980"
"CAcj8Ah7iPX9aowfax5D4c4Sn8xKPM8fCjdfGL9Aa49n","11980"
"CsLEGbWhynhXg7GVYmddpah7EHAG9XKAYib6WFXxNeMx","11980"
"BbfrFBB21XzKaRN4Ca58wRNxEx6hZEgxazwvmE4rsFiQ","11980"
"EAehbonhS8ToQXAbjw323Y6PKwwGuh761zE1KAbcBMNM","11980"
"G7DKD3c7opUzy4u94RfGyMPoJY7JzqS7KhWVztbjM23C","11980"
"GpNfcry37zHN5sSfMy5Yf3KJ8t4w4YbcNCSfYJuxpczg","11980"
"7PF5PTC3V4dCkKvGVrN4xbehTiF4UJLcAE76BBs3NRdr","12281"
"2z7gnWzfQ5pNm4evUoD76AetHwGksjruw28KNDMMoKKe","109352695"
"8UDJ84Swr3SxvsS95dkK7zKdfZ5LaK3pubhtu97Kz88Q","12429"
"Mqd9XPFMboAG1hfFZqULPdihbqSeYD9odmjxqDuqJyu","12513"
"ET1WLx9cyQNjVWFx1L1kNNKL8kbDZbTsctxVAmgNpznh","12668"
"4gwD5GvdZj8ZaRaXciEpJYDZhYCniDDicjxhjsSoHogh","12704"
"BM8XcwCUMJC1mzMPM87ZRkHL3CWwWQNCz8Z3uTUSnsrB","12759"
"EkmqJXKFtkrGXYEZJPTiEgq9k5EmRtnLhuV8UXCxzEUa","12810"
"2CiFRWTrKRKi5mK3VyDqhcWhPiUe2xYKbLqhx1TVdZkq","12897"
"GjZ1Ppvwrumv4vXJYekMadwC65gc26uskJJan5kv4FgJ","12922"
"CjoHKzVmTD9RbicaEADendJXiGHd2yr6EMucwvP6Z486","12937"
"F41M8JrPLRjX6E2ykUDQrJqq8XkR721JdgRFGQERNu59","13634"
"7fqitdRXtu2VszAVeFK7fiVk4Q9FGoi7aZCJpQtACfND","13876"
"FVEtrbtoD7S3XP2PdRYJhZD8LjaS9MfjuGmuEEidfZvZ","13878"
"B5nX6KeAWreKEFavWaEetZzWXgqh6zTVoXPipUACzgwo","13881"
"6rC3riahuWVif6UymypknrxqEx2Tsu8yZiGNuiX2qWWg","13930"
"HLgiKYL4K5Pqx9zN8zhc4cjQcjwSMrP6svkagi2DS8Vv","13967"
"5Wcw7YFVE6iJos4QiW7iGHAP8UUkYTYC49jgnr6yWyzg","44257970"
"2BZe9ksdrKAdcqZb3vPbD2iuAuasnv84McbGPPrXrwyL","14049"
"6pnHHZfxTj21QeJpn74w39nwP23uHYJEg7xeZwSLD17i","14223"
"3zttTwxdBtCLTNyc8NKXKwaq4Rx8QMAdQTiiUZ4es36w","14299"
"CvfxgUtgr6vig7wMcoZ5X7Kr8AuPNB6ARkBtyrVLDdTk","14393"
"6mLun5cUvub4eX3trddqB4y75KZSjQoQpCdpsw4A1ru8","14509"
"DRUwiG2we5diuWst7QA28iRyrt72Zvu2uv99Gx4mkAmL","14649"
"DWrSvTeSxYDjbPDhpeNP65FnUCHUtkrWPxTVfUdM6Y8g","14652"
"4au63QEJpDg5zsafvHmnkgY1nkAnMTUX8vs7iw2QVQkp","14794"
"AnWT55sJ7jeNY6dsNn6FhWKM8TC1yERyMpS273nGvLS3","14997"
"6cd7mNHB8uiL2xXNim2PvE1EuLAcbsj9HoBDYPQhQJ5c","15198"
"D1U424ppjmpcD6EurXXAQPk4oSAgojhKGXsEFvZ8aHiz","15344"
"CgTBNuCQK1FWZ3BCxX2jLXdsx53e3qKQj8HxMk1ZW2GA","15999"
"GWS24BfCQGD9SwkL43JPyh9w7F875bDJFx8DPawCM27g","16131"
"ppppoqHcHVzigV6SK4856BAsNxhTAi32hqQQWrziyHE","16379"
"FY6r25bVGcE6out7AmcpiMuXf4LPE6V1zfPTtw7bLz8x","16406"
"68YGP7ZbgvvVXoipsnExRyin82kkxinf4HmgGT7xqrXC","84678222"
"GdjP5hknPpUkspJhBZS6Qf7EGjMaepHi5sVSyZbb9MhV","16917"
"3AV5NRzBEczsDjuxGFyEEsuZkLsUYvdqiXU6qdYuDKh2","17308"
"TMFHvas9Sj6Hdd9ZZt2Rh3AQx13JKpnWoZNCpdXqjwR","17365"
"3pCaXNkra3Q1bvC3Hw6pqfP24DgxSJ3YQEuZGhvCdd92","17392"
"HW6W534obwPekWn9EwieTrA57J9eB4v5HBBiLJZqnCkX","17449"
"Bwb3rSYgvPKiMEMqPimsL9gxD1dYDGBfJhBiarcGunj4","17650"
"2LP7Ga2M1zSycWueGutcJYYSpNFEkAuZZxwcwUorZGFi","17791"
"J3JHV5b3W2FnPZDEPFC1AUXCx1wpKcQaze2w1k3XhkCM","17935"
"4pRu5JCCSKc9GyE85YqpJkZ19onVVBdPy7xenNSHKZ9h","17993"
"94fTL98ebshH6URUgXJLJhDibaZarXQAhenkmPKU7xsa","17993"
"7FCSAE182VHKFL87HNPUon55WU5LitZDopvhBNWaBiP7","17993"
"7YvdZm4qSVfepjP5wSRePspUJ7nRXak9gKiqRxAqHiq7","17993"
"H7gtTGURHzubeT4sMu4Y1LAFVEtsmPJEsRkXbC14UmEs","17993"
"7kP22gavYHGBMgiWr7pFnRU1womkzdBV5a7xgvuevwjv","17993"
"GGKpoQhnkLfz5gVVBA5Vk9sSs3kGrGkjaN5wZJAXTTS1","17993"
"j1a7LJMdBaaWSKKeds5KZ8qxdM1yb32JFewjVfe88YG","17993"
"CQ7CGKjvGKq4ETZ5QgLVSTfFvMmPGr1cueewQnrHSefJ","17993"
"B7T9MbfLbXFA9UCaLPC5utrtoJo7hBiYiqRYtuzJjo1v","18261"
"8UgoPZAR8ZLoEmV6pJ8SZ6JKESP2X8nbnrZSdSgNtg1y","18292"
"5Mr2P6Jb6XHda7Ld5VY5uFoCsrhbQiySNbK1iVMoksLi","18992"
"4RsCd15dEfs7LLvDcJZtAATFLmE7uGNNDASZGog9Jio2","18997"
"F4GUAHpYYUjCZX7M6xaQS7wBEG25LBt7ro1GVeG85ev","19018"
"3R29es6SYtNb7u3WSASkuqKFQxzHfNyiGHQPZcWFg9t3","19018"
"VxX5iSVkpcuWqvqPcCtEht63SovCUboNeYC7YjTnERK","19018"
"7kvrVhoCSaVWCGisiHxjDuXZPLQ8wDHr5aqkCWFy6HGu","19018"
"AoFCxxb28tkv8MaCutHEkZf7S7JhKQSD58qe477c6uS2","19018"
"nodCCLy4nuc7uDKyKENM5sMGS8Y9gL14nSx1zr6ogjE","19208"
"6jxQYrP5irVARviwvXwCdxRT1dLETdBd92XS1RY8srxf","19583"
"2mhinhPcLTZbH22rMPnqcbjqWdKcgo7coZkScCctgz7w","19750"
"2xHJ17uhu5Xyn1XfVjGS9j3XFYiaZAuYcYWS29CYsrFr","19752"
"J1PWuwuUduKLdRZitLFGZayD7qKPf7doZT5Gwo2LGYSx","19809"
"66nDMvDYG63ZDgf7ZwRhFQfzDh7HAzERBsgz5DZTV9hY","1355603095"
"6KFHxymt8BxbWzwyMJVSRGjVrTgK693QJhE2jVShfvEo","20559"
"C4b8N73dvCE84J6y6SSEZXew784aUnMTVb44KAPFftK2","20826"
"EibQ2VYpzj18qSdEBkmxWVzde7FzamTxVG9rZyY689Yj","21459"
"EcNejVwPWM2wHjzqbfmjGb285ozMoSVZfhzXyuGLQUNV","21656"
"CDtMDFJkaDXF1FhYVt3HtH7MBu7CV18iQbz3JvzEKTKx","22295"
"5Ur5qkoCyGHTHrLiymzPFugBcMZC37V2vDmNgAfpNfeC","22341"
"ENDKLM5uYPJxG3aCQaRATWwwoChsgEHC67jXeHRWWyFY","22704"
"67s5WYBdPV23ncwVk1tnDHLyjm8CzDooiMgg5BSFzVV","22960"
"HNwN4ZnghZF49yYFqs5SbLKRt7k4wNzRwCq1JwqLBCW1","23209"
"5jQVpzbZB6dL1cp39GpHYy6FpEVSjjC4jKVhaRC1zFZK","23390"
"GKsQ4d9fqeZjnMts3YQ4uxz5ruba5cDzfhpGMeotAoCC","23435"
"2XAZXZZHPnpvwVFCSAmvGv4hsD2kePm4rGFYu6BxZUfg","24314"
"E7LEdxeZ7C694MvjbNzRwC2BY5nsTYsqrayR33mKEMej","24787"
"4RHjaQ2c6mFVsjyu7nR4o69QTVn8hS6yn4WTspwR2R19","25066"
"GVzWbms5x6JXvJ9LjArQntMJJy9pQ13GwQBEy8o3DxLR","25091"
"3VMULGumX6TU5TEHAW141bPLfLpg3LUw6fqmBdgugqTs","25203"
"FWN4zBK7f6h339Ngjfryb3RrrQZt5Ni325feaNYhQSm7","25285"
"3Pf153LzLitbQ1BmtiF2H3YpCycLyxufSbFuHrsxdhbU","100025294"
"71GdMey27pBWEMEkt3dzg7acwdjseSrWpPFUvv4ajHNo","25963"
"6J9gbVVpitmCUwfk5dSV7ViNx6zG9BviKHefmX2LwABX","26090"
"73AUmusG7wQQjxhrB1uwS6MTjJwazkHLQZ2qigsga9hR","26118"
"9XU5ieNcg31vLRmGvFWBEJAoeYerjdYnabPVPReVapHt","26516"
"3cnbwSAbCfobL8bXq5crkj4eaEyU3xyjHJ12y7bnF6Bs","26613"
"AY7tiS1MV3tzq7cnz9tekWz6G5wWyhZ1H6qJ6tujmWoK","26829"
"3sxNfWPa8r66UitVn8vZVa6wgdZphkD9Hudu3oF9awKU","27401"
"GJJjsCbaUpUv9rqYKHiFqQjVFjHpSsY314nK6r9WieDk","27860"
"Cq9iPN7WiBPaqV6XQg7fgFPskcFLZgcQaz3bwPQix48A","27905"
"J3P55BfuHhgY7Sok28k5WA8ot6KLEMrNhjZkZkhfqasQ","28042"
"BgiXwBpnBasr2EHYztwkww58yqV6kqCzqLxswm48jyc1","28142"
"EtUkYpvNcHGBxzTumEVVzKjuBR7jLQw96CU3CjshFSb5","28348"
"DMZUNEbos896fFr5m1sAF9ShoMiyv9rjFruJemmDjECZ","28725"
"AYF3WveJSkHAJd9YBW5AHhRnBgNAG8sk5CFHJD9cFHyu","30000"
"GYgtqWDj4XdhMXHngUPz6CBGh57shfgjJjgtVuXXnsm1","30071"
"8KaSsgTmdFVKjufPuy6B43p7DMVRcDYNJTBfcmAdwgRv","30710"
"4ZQMFtfy8jA6tLCSNpYrFMvVojpWdJzkbTvsyGnCPhN2","30760"
"4PGv5tWUGy1PynEjbGM7wmyvEHeFvrQuCRD6hTHP8Piv","31020"
"EiQ3SKacuR4L7k9pfsSMjJDp7WeSuJQ2X3bahzzw477g","31102"
"2RYNvfR94CvKVe3YgQjjofvsVXRebB3Sc5aV99JNpZXG","31106"
"DfiDXDutZ7SggdMcrg5Hy7uewqEwS35dno8E1HKjbjJP","31938"
"AZPrNXAytda7MAGNGVkYx9U3jx9yHv9EMzgBhZSwr2xJ","31994"
"CnYN1n98WpCpa2KgUZhXDAATkxAD4dLbxdxDZgvzBti","32646"
"5X8v9fg5g3t6ywbEabiNmLoRHq5caaLUv9jY5863HTSP","32647"
"G3XuBR1d5V9nqZAamHY2j8r5qousV6NdCZynRibapUXV","32890"
"9XA2sxKfaiXxx3Z6PBMPcbe9ph9zZBuauuv9upihiSGG","33130"
"FCA7kBA3mCD2GqExNtrdNecSePBDtQCxKSC64B6r5JU1","33214"
"4FxZJ67o8PFumLtYJXXGVW2VjzciZoLACtHViwN8oSz9","33283"
"CbvjgBcxKpKtnMooT8ySyYNzTrFbh3S2j2Ha6pA7KYVu","34986"
"7w11HAbGoMAbUHJ3GGLt21gpVRvKrzpWKGAxboHwiKLs","35791"
"4EB9hafwHdsj2Xk6jn1o6xz5KBkX1PKXXZys2Bsdm6ny","36068"
"HqsvFaq93CfiayEmgzCKPdkUkd2xFbwV5XheFooK7j2q","36106"
"2RwE3ivxEM1FpRnee4wTbmaZzTeRBqZ4S73MroiLeEsN","36904"
"GTDUc5jdRj2hrFAt6G9JbYBP6tQyDxVyVfutyyKXh599","37126"
"378kGCNPUS25NqmSVuRmrhuACJpciAz3z6g8Wr8RCNJG","38054"
"8YBtUHFs1ta58JeUP2Squ8ZadgQVx9N7cfKxkhuCjtS","38300"
"31zqGaNgAzamV7YPuotCmuLLVHrNPr8YkzovnT2oPxDH","38694"
"91fkD9p7AQk1DPSaCGZ4fNtRxhoJBe5CmVKy5867wrAG","97157807"
"5egUateWFfppWTTfsXKoUZvxoeASooteHcCHHr9iLL4J","38799"
"AdW4kwa2GRp2VQZh2hhGeTa5Pp7MZNVHybpMaZgjGJdw","38828"
"45ruCyfdRkWpRNGEqWzjCiXRHkZs8WXCLQ67Pnpye7Hp","1018315119"
"3n4jm2LtJcNQoFEizNDxPyyyTLFSwYWtkBNFTfD84mxt","165245744475"
"FatGC45a1PQm8hpmzFRERpHba7czsoYAXYSz8qjzBR1t","39374"
"B8f5isQWhdT8zTevZfUq73oCqHUySbhph35duX895FMd","40000"
"14JsvezEnkX4CPZso4R2TRNqKhLZuhZkiKJkX58PiBDY","40263"
"3qHZW4HvR4jnRyBY49XBgMUH63BWCAfRv1aaacCYE7ZQ","40443"
"4B6jgXTjngSfFDujqYPukiRR4LnLP3rrvfRT8QBqZQ93","40671"
"ENQutKZY8mZUa1Cpm2BibaTxbjxHNqdCZ96PGGtfuTyQ","40784"
"63jSHMAcpY7x5YtaqTLM7XDsqiQb5nwmPjvFkU7SmDF3","40922"
"DFNQCcnqPpRzgh4F3g231Hc98jkTr2H1ZyhvquVx6S9c","40987"
"9sSFvto8Zjp8wzBT8dDzaQrukJQ7zZcVBMvvdeg7hSzC","41927"
"QTpC93sQXh76WWy3qVhJ5wqNdqsjUM3pz7FLu33PxZ6","41938"
"4vTVRQseSezPoDRCXyg7v8GzytuNDDYFFGANJoyFgijY","41987"
"Hj7ssLTpTYGbGCX41CWaHvLu8QEKGb6wAaVg5SdVpWZk","42123"
"CdZcHB5bXXvQ6A9xP4v1heLcpoWXbn2cbwjHgr2vzjzD","42137"
"GitybBtSDyhv6KFWDiv3ddKNpkt3RqVLo6A93RYQjPAm","42956"
"GzHo8oYHYLDNwetPiYXJupYnbKqYcGMKZQDyhNJDhm52","43165"
"2dwxMG4n9nkArvoGvdwcVmeF8PWjEm5mbt2SsiSJoSU1","257521850"
"HJQHauuVeZN4b7FgzUuA6fR8VgVtVxPPLiqSPBAWAW9W","44603"
"C53Bs8anHfDKd6YQxY7VPPWoHVgB7sid7n2NZurc9NFb","44824"
"HM9d6pYP1R2ovmH8AeYurBHhPdHH15hDnXLy96yt7xQ3","44887"
"CVPa7bwLdden18hrZKBDAJN9VcmMpVkTsi7M3m9nmXRv","45049"
"55q6tn5xGBxwGejGB6AgnBX16tPh4fBkRQsnFsbVdkqS","45050"
"6tHYF9RPE2mFoqSzWyRsvZm3y9eqnQEmbDpYJi8qi3Ep","45537"
"AkTgH1uW6J6j6QHmFNGzZuZwwXaHQsPCpHUriED28tRj","46101"
"ADoXBXFgCkN6yZHqdYUcB7GaNcr3WQZaJmo6iZS5GYPe","46881"
"62CzpsAMKz2XwqkVwu81nU9HfBMvPuktyG3XFoJph7pd","46884"
"FaXUAA63K4CXVDpxypjt5kN9tijmGkqZCyKjzpKygVYA","46937"
"3yjdtshwkKm9ufVPTMftaHLKJeS4qBzVUjeQ7Jdc3egV","199690"
"Dw7m4ZbB5j6pWgJ4t4YG1Nwq9c64MkEbWffjoQEaw8BN","47571"
"5D5kpxaHSiGfz6VaHmGYfRMZHnMWAdgCzRJetAjgfZCS","47620"
"CXZ8WoBFJBGnn2vE2fHkPbpuXAiNHfG3ByDYKNdTVthe","48171"
"MarUnsjPzT3Nm3gHRturftuYouxsrkEcCUkATkUdP3H","48389"
"9PmPXQBAwUg3RmWPxYTmfCotuwFuLJCkFAjapopFzutt","194572"
"Fv2wkTPQzdqT7soVcufBXeWuWYDayjL6A6GCFSDrtiwy","48830"
"B93uNJsaZYT1qyUKzphiEeEw6wXbLRpwJkYwFGMP7BwL","49135"
"AikpjGwSokmmjkffE95qkBehU8cFAjkHfrYes68XRFEK","49306"
"3iK1FXn5z8S7DnM3dtwTSNo7ETMhQC7YmgDMexob6S5H","50074"
"9pZnUcgT1tpCNWz3YdCWdJkrdxRRPA8K6hfx6J1JSYTS","316843078"
"4CZauZhURPCxiD6qkQMnT3ozdG9chNbwAG1RUPnjKLpr","316843083"
"66WaD4EMrzMUxehDCoRakEKevY6D7ZZqbmmpp9iSFM4c","316888441"
"GPm8cWy67VDdvD3wtKvEq6e2HTnPA34shmSy6MDVq9KC","50595"
"29Q8H8bRMUda8FX16xN4uMCV66N9myAtY96CoSpiV1D5","50602"
"9FJWUUq4pxwGjfxTew7btgtwmX58qiLAzqjYr3zYcqVr","52810"
"Fixvc622JuRzLqEArHcghVXPmr2eyrYiBHX2mGaRPYKi","52815"
"nnGzruoWnhJkJFkFFXSCorCi4QkVdqvnHbhfpdYmdRq","53446"
"Ai3n7G98Yc8pKKU7gci55JAHm5NTc1BumBvkmYkyvCsx","53916"
"2GnyVhoiRXyaC91hoEunzrDhxZywryjJB6bF2Ti81bnJ","54267"
"9R67CAu3WvfhfqiGmffgz3QpXXDN9keHDEPyxTNxWzA2","54515"
"HJgNUB6rYddxM9QamJkMYVz6K4QsfgKdATsiceRTkP55","343461016"
"6eKcpzpdFxTzXV5gRWbRfqtQiJ2Uc1tx6bav4DVfzujV","55634"
"FeoBxypBY5Q4i9jxJ2Uix1LyQmx8amrBAyS4M4ePRv7o","55662"
"JAsscgtjwG8ymaBawYbAKswQUQVU17QzE8jRgKcgJaDw","56351"
"AQ1eQzTZgtmArsZN7UDpepVfb2SMKsgqpZJaZs2b6e5r","56750"
"7WCTKWavTYq4Qm8k21jHE8XXzNKBCjeVD65s9v5fts66","56865"
"VYP3FjqvGNUFbDUxnBFuZ2wr8q2FUAGH1jVtXhWNF8p","450058175"
"4FwrzzQHUxu2wF5R5MgLa5iQnnKwBM5maZvBWQYnzCJs","58929"
"HRdg2CDPXwGsJR7HU1dCLnxtSrKYbVqRtDV32nUg7WgQ","59145"
"35wbDifeqDQXMKAQ1DaGSUyV72ZrnqNHmAJnWKdG3bUc","59366"
"ENzTkC7HB6eqmrCjiLbAsySgWMkmQ5Kn4ggbq8DetYPS","59816"
"JCZ98BDqexo3xjS1qiUYXodB3rBPaXQ3W8nvH19Qvd5c","59864"
"FtuxWNpo83imYyzkcdVaD3roU1qeG22boux82fyyumUd","60559"
"Gf6obbWTgDJ5PHJnQ5uPJpRL4HFaaGXUhtiD5SjJxoH3","61328"
"AySLuJkyn8NLaTLdzvv4eT93HWWchyekLk8AgJYTkgfx","61689"
"AKwLc4MjDjGbyqiVuCv1BsqngAGFCfGEr7pYGHk5ZT11","61740"
"4fWzEtv9GqZr3i3Up7jyZa1wjwej2RpGFpYcd7XaXcNh","61765"
"CKYbco6JJPdg3avSozha2rMbrHAcRw9ZGj35ukzz6V99","62354"
"8jSmrZUmSevdZiN81EXqyHpcCqx8hv6Ymx6wEoAMcEkq","63064"
"7gvDsfcuiyrqvNBifFYSqVRM5ZspvGTD2RyNpzDVvKze","63093"
"299hAq214VJwJHexdS1z1PShZTTTg4sj8Vy9Ggj9MAeo","63647"
"2JuZXJ4F7RXCjVwjT3QFHevyaph4o1vfmdKXMjsQ4fHF","65712"
"4niAea1mypNicnnLAgCPrZUKKzGWYwiBoEidTDYri1Am","65827"
"7YL2QnE4wjN2aC48X2q7B1W2iDh4dpbtti1waacxoySP","65975"
"Cc8Lo8vVzzjG1UwD37FtRwfqvsqLcVwQFnjw2o8tGtkQ","67040"
"BaHXH8JrkxKSZPMXcv7m1hpoboZb4kjYDFpA2eBeiK1s","67260"
"4g4Kowq6gd1VDTe3DD23FPWLHyFYz9ucRdUvY8Ltw4MC","67334"
"BtanrEvTu5fDjuzaHQ3fkAz9fxYshzDfhwLXWRfdoUmM","67391"
"F6X86gMttmbyHWsqEWHDGpKxjyX9usmgquB2f1iUNMxo","67620"
"FVGTTGWGqQhtDUX5TR1mvWQQkQWh7FFufrS99U2t7Rig","67897"
"13ddyGgToXaY3SejCH4krfSGfAWuX6vxRXvHH5kFqRT6","68043"
"2NJM5ec8De4WDsiiDSKbxHfV6M45CLiRrvNfyh4Ec8sA","68474"
"vZKPumsVcrcyMSn6qkHNo6LKkbFS3Z6VSXq3cDFu87p","68778"
"7Y7F9ZaXSPF941DrQVzmkTfKXXGXBvUdzPRBCaLKE4H1","69070"
"71c4asLmaFqWkEjQPT9rFjLbRzHcy79uYjGzBCzWfAZs","69166"
"6ZhUhBgQ8xwLTGpqjpMSxQ3Nd7EmieKyRMrGAD6r7Xfb","69453"
"3w2sT7AXJ8nX7m2YssCkqe2TrhP2pYexsKyQBoQ8L2kK","69789"
"3gzhBeWCoXBEWRMyFpZVP9xt7m8nCAwPKZtehXNgX3uk","69934"
"9M1rPQEeYkSbWZaMkWCjp5YtQwQXewBnWdGb41aDgP8e","70309"
"DY26kXoccgL6P76ujnEssmaTDnYQCaYrt4hobcodUzXv","70566"
"FEQK5AFYnzAcBbUpvao3U4URc2WFJ8u8inkAKfLQtDYy","71068"
"BWENejsfrBsYM44ELcFywxpn3LCTzKVDws7YoFe6StuN","71729"
"8McVwYagBwLMwAh2LL4LL28FTNvTTG4WUMyJjjDrMq7D","71913"
"AAy8ZaCsEdJc2LDbHvAtfWDazm7w1DXQnR7cW3VgWYzL","72052"
"BFAhPvF39UT94BVeoqehhLzDo1eHoJ4sUdmuL18uYVnx","72581"
"63Tg1NTmmAwYDrXs7Fs2mgXpgKGWaiRSrhfqNY6cnd4A","73064"
"HroQrv4q7MxuyY5KFe7rH31Bo8MCv7X2oDG6Vy6k37ZJ","105043"
"DQNByES416o5PwVkzZAHpsLeFDyYDqPv4JF8niaLfHw7","73946"
"24q5yVfW3Qg9zyuc5rckjEon8d9G2b51S6QGBUfSJSzD","75388"
"4v8rjNZo54yQkBXD7bmKbnnrSTBBkT3N1wQvWMvyANV3","75765"
"SCbotytHtwVQaCjwh51To4nG1CNDejpqxw9JoEpKB7K","75811"
"CriwTYL4Bgj8aKuyp6L2A7waxUgFPv5KgwLibjaxKSEc","76062"
"HV9Nyf81DcEUcs2odXCYjrGsMcJ4YYGbmZWtdA35zX1r","76547"
"7NBzcfG4EFToYmWjVphMfwKKHc5CPryqVVqAd6wy16Zm","76660"
"D22FC4kZUnszXgPH72YyxCbP8gsd8294SbnJYX4xM5BW","77121"
"9MS22sFPEgyg4qLGPdqBtcM91HPcRkos5q8Z2PA2NU7E","77191"
"DKRJv7nu39p9NtBLAwNt7Mmua1DqCnV1MvRJk5Kw6eZi","77732"
"8bfAbe4Wn67WuoohLKvjhKVaJi6SosPndyNEgfRjg8uc","77774"
"CbdVcYzaR3H2GYFM5LNxHWhaD9E3J2hWqpexNHnDYRKc","290077893"
"GdNLxtWYWqpueJ5Zre2v2eEv3my9DGawBW6GboLCxXu9","78434"
"9qPQUBgadsFRxyddp4qEwtLY4oGzLzmoLVewt1ELdkuq","79001"
"HME55Nx2UT6KNpFVT8g4dSV6S3eQLNrZXVtv1Fhc6UfT","79257"
"4RYk9VgwuqDj4S1Cy1asgTkm49LSd9PhS48qZAHxoDDf","80485"
"5L7DeP9WwYGK6uyBoNuRk1as8o1JvynYARMHoG9asDWW","81415"
"CrKYPUxBe6jy17TWXbkxjjSGBe2mGKnJUzT4DJEHsFNd","2014845"
"G29qA52uBFUYLft4KZv6x7crU7Rwr728T6YKnfRupfBG","84792"
"Hx3VqQ9pHvnrRZnvK352j3dQJ5cgQLFQQ6trbDNG6a4U","85268"
"3BTv4X9tUta9JSz5tXWaLT2Z4cwQ4WUTRQfVw2bz3JE9","85355"
"6W2HCCSRUCib1BV4pGpthyeiSmH2srmkXvVim4oZ2Z82","85837"
"AwozMxmbDYxmqjYLpw6UZcvbmH46T3duDtbzLMpPYBXv","85895"
"4kvdqydpDSxnn4Nc9ZxPf5opBz1G8L9ofKtY2xBYztum","86145"
"FCPe8wBR7ukHLX1BnbMRogsbKM2D3J9u6nqgNvps7mFZ","86195"
"3626jAzYLo84uatuVTa9fG4oUEpHXGhFSPJSS2NWXVJv","86221"
"xPwz5BuDUidEGLAzmoKj4aLR6GzDcJM2rNGkqdQL9zk","86313"
"G562v4dYYniP8SVuz5s3GZM64gt4ysunMCWyANPy5owa","86851"
"pNwdCfzArGM7gcEcz2WrNBajzyv4mv6JxQTCCgLSidx","87133"
"EviPUHYe8x1WMRdLRNqoXu4uGppzAzuKUEw17ZGFMWXD","87168"
"2rpz1Vru6NT6xLZwpiroQLuHWpKwJ46jiutV4ThR4zz4","88420"
"7vNddhMY392W7VR7u8f3aF1vhYyEbWThbnoDrYaS2VLh","88834"
"Bhyvht4B7dNiQuiMLWtuLYMhhcPwvBzGwrzn6b1drQtq","89309"
"2kBMB8WFWU34LipwznhHwPWTjo7SLGYdLMJrtGdAzS4o","89686"
"FJVgd8xnWsp59h1SaWjvWiqrR2DCkDj51WvGj8WiqHWu","89784"
"J7G31Ew8r2zKnuJg5Fs5C5wR6ZQWEjTHjfSXvYT9JekW","90267"
"FhREdk8qwiR9SdymZXwuw3ijefZNpkJyQPr2YnJunqDP","90806"
"8hySRdPBH2E2AYaRHfBZTgBnYsi2uHjiYiAZDPBVmUXz","91754"
"9jYY61PMC8sF61C9aGQbvDV9LxiXK6H72T5XkWNhMN84","91919"
"Da38yCprLMAt8BVwDMbAG9P9kvkeXAzwTVqxKF2Nzz3e","92385"
"4duyoiA2LJNGLcJk1dc1FC1YkD79zsjH28QNCFeE4oS8","92573"
"2aKdhVh4UiuL9GvPh6w5YxHn3HX9odfpU8C1DTuztxUg","92637"
"BQ5h71aqerhcaDiGoibTybcc7D1fjSUez3Nt9DgarA5x","92722"
"6JofYA3prtw4jvEUSP5797TRjhgswNuqVNPierAHbvjy","93033"
"tR5xpaCRQmnJrYzAUXXxDG27fTb1rxjCvSDnKpM1DWY","93475"
"CxKhCjiRRJDmy18BHrZJ8giqfJ5m2EQ2AcNeu1kWDk69","93623"
"c7LfWcYqFiwCgubYh3LatxLR7NsAbCg5QXT7x24XZhe","93659"
"FFYpvY3NxC6WWcqjj9oMZZw5xShR3qnfT6wfYJUV3GJX","93740"
"HzidfPcruk83TwzExbUKbNKVJ66i5puvzK5MUNSqffji","799317"
"5yfQqmBu8p6Zcew996LTQgBNJFBaKqUzd9hvNr5peBdC","94423"
"5gQVnFmLkhdZzShZne4fR38quk8sByud1dHahVPF16eU","94424"
"EZgF3kNBUPM8orPEgo46hoa1gP7XK5U2UqSmqhM9NsoC","94468"
"ePbG2eCZED21uRBvG6vjeGX37Ji4canHHqKorbbow3J","94468"
"AqSVbvN8NzZTaxriuAc8EVW5bHwTJG12BVoBXoocezzc","94468"
"69RwZ8DemMF4rEUVBAsJZq6yYTi8CG3jXvJcX9SSpyJ1","94468"
"3iPFXEJ1Hja9KztnbDGmc1NwKjVre7847BdVtXgwT8SP","94468"
"8mno6FPYEc249SxvQt54hYUcWkvu1NcrRzekPKojxu97","94468"
"Fp2bL22DL4sYYZ4e8cazLpxuZCUQhJB59f2DVnppDZbK","94468"
"3R9JJkk3VXCSgnu3QVxTN4HFEtDbon6VcDh9AmD85wPi","94518"
"5g7HdR5WbRuLXg1Ltbcco4uGdZSgdCty5DFRzNWoBAHe","94518"
"8zDi2uui5e5LLaqbqHPUN3QNdxmg4WJ7yucyULbEcaCu","95196"
"7Nosg3nHjph6pcbgEsvHdwRcu2n7czhZqVHEUoKUrGaK","95212"
"2UqPe6am5MhGJjUMzkZFKZFEqWHiFPWhZDiK6QjwJWXV","95231"
"EUeeYSWrWPJhzH22i5B2CYmCv8R8CzY8QkKGLM5bPV6G","95231"
"AnwUBhgTNSxA5Y8fQP9jXg4KRQyhCMoPY2zYaNdwkkGL","95231"
"3bKcDR9KMRsehap7CNzsAAF9H6xw2z5dc2YrKJqzRmHL","95231"
"2b2A93MW8beNhLVffH8R5GdmLFPHxuz1zVSQX7bS1MQn","95231"
"4rMcruqQwwSULEFRzS3CaS3ETQZi8CbKAoPeBqykt5Kx","95231"
"35D64xCE3rAQnu7iwo3bEDnh22Vy7AtviuSg4PKKRE54","95231"
"F77n57FUsNneYTCHZU87scS4fLAxzFar4gfduUw4qPbn","95231"
"FaiRxM8qrfqV529QWKc3oL32vUfmVoSDLLJidso1BBMt","95231"
"9ermvrFFM61vk7SA9LyUiTjrSdbhXPqaq6PedzuH5PrN","96459"
"2WLKxYYM81KNSjzecvGfwFc2pQGoBLfSpso9PDcP9j8r","97449"
"Css9bRcrDfgNwiGJiqJMpQmKntDMmrwH5RaoyADehCTD","98398"
"w2ZAaskxsTUzfaWkfMnH8QJq6m6kPfTKoqm9zeyCQQ4","99371"
"6iAezVXFgSh4mRGHFtdQcUWLKWA8tXZehZLAsV5ZbMmY","99430"
"wNS2ZZ9nJH25mEWxSvx8eXeTeQJWZbjf3L3w2pkfRkg","99676"
"4V22EjoCHek92fuZ5oLwiBMbPa4ELTY3yn2CTsKP2z6a","99825"
"DYZemWWYQ7EZMyD3teovDgdV6v3H4u2hGrwy9G2YULvV","99884"
"AyzDMY9EqeCox6SABWovXCAuEZx9Gntg1wSQ9kRhFLaE","99935"
"CSBSRMAjJNTrWbanxRoETRH21BZSRvd1VgStDT2JUkVN","100000"
"wgMGysu5eeye2ZDb7i5UvW7AELZ8pvzcRwQeXM5nE2z","100000"
"3DMXnFPJNPiPkLLEE9utvm3VpmJLp2bPgKmcA7UKWKGd","100000"
"7TE68racFpBtzfAoNQtP8s4a9rJAwyfP6LXunmX5A32Y","100000"
"CtJ5qx1UNckh3ienQY1wsuAy2mGXWMYqGRQiJmTFRcRJ","100000"
"BVGxzbXjAsGjqiTJtyxCfR6dvZ3Vg96oNqhfwczWK8Yi","100000"
"6uZh9JJNSvPG1Qf1n9UZhThiTzGoMZBNAcQvNnK8TtHL","100000"
"91bK8YLqojexDiiNFyPsipCNDFgMDLDRktjTysxsnjMa","100000"
"8ytmLUHArwpS5xygqWVoENDV8hvr2Rozbna44ejyw1TZ","100000"
"FYGJLTQzhGYtXnfj6eGTZPmzFnoDvbSMBQiYMcVKqBVd","100000"
"8aR34zpHRZc2jYURNEd6nKsuDVHKAopPzpRD63mdRdEy","100000"
"8qeepjDRriNfN6YLkEjxpKmd4jjULk4yQxYZGoWAng4E","100000"
"8hRApbSGWTt39MVuEnPFAKU1fFWPGsabz2TC1uwmENSL","100000"
"5ZKybTqe1wDfozq7TgVzGou3DySMPvFWxsdoA3BaEVza","117239969"
"HHaYckSGFFqG9fhZMzXWF9rxHEGo3TGkTG57ziQv44Fe","100197"
"QsfiabjJkCfBARxwrHWWKEL43YnMrR3dwDa1ft5fkXT","100206"
"6VfWQsvondb9p4oKKhJ9PnbmcQ8neaC3b4qihNYohyXg","100209"
"APDjRbjHhcygjPyBxpFRyoVX5ScL3chgk2gfb8sRX3Nd","100211"
"6SxjNwqJTYnqwTyxaAzw95A4v8dSJPD5LTXNkHXYaLw2","100212"
"ASRKNwhFvXUUxWVfsi8UFt5uM1Q2nFhhP5QMsibDD88f","100241"
"gmaX1nVWSRxR1XgiyUhSVFB4nmyhz7nA3kCh9zd4th2","101622"
"4cZwrEZXtZmfHabp4GUY7H3bgEK1jMeZfKkwUGH1yZCT","102901"
"7EET8t2kTbueFZAfXpvqshwSsPbXoiiXXnWFHRWRAM67","102970"
"4tmSgpxDUGyjQ2UyZA9MmgX3akMZ56n5GrzfaSTjRx5H","103260"
"72YjrKsFpDGgLZ7DUdqAqbFbspxHeQP3c3MtLd3CXkr2","104722"
"36CaEodLCrJNK5K8d1UzKkyKzrixHh19kfuXy1ZqWi4n","104805"
"G5uit8tm6XoFvShp6fiCsACMEKCyQKiswTCEw8fgaSUG","105966"
"234su6H1MqTEzDbB9zmH1qufn4oSv9cRVFpo6mQZHcCk","106702"
"Ht1WfLLoB32qDLtrdjK4x2mzZnseTiE2XJsxHAMGLKWs","106846"
"EVtohWzdPBkGu1RtoiSizbVFsd3kYBFNBs34tciJdqCx","106892"
"xfdGvawoCttBwyYwqNsjPtNwNEF1wRdFqVtDvFxnHdB","110239"
"6v5NSwGh6K87YcA3jLNnq6qdmtdbdzibTQMDH2s2SZaR","113317"
"62qCNqwVpxBioFLscJ4RysvJ6C4ZX4DFtyR193UovxLg","113932"
"6ozTcWrpnPkjdskzundYXgtp9kPjpEvbg5A2YzaJGTVd","113964"
"GLVzonUa8BDaEBDnDruyrAGJusyjJFHa6yNuLxC2m4rU","114147"
"C9PDF2mmBMdqnDcKhQb114MV8rz86U1Mx9embfKJeLW6","114535"
"5gkSg18cWrdJ7rGTLcmuDZVRZR7Z8QatYzCFWHBkStKP","114947"
"AUKBdnyyK3KBrnHM8faAn7qTTEErs5MgUzYHaKZr1Z4W","115090"
"37Kxyh3WqNH1PXtfie7fbxDJQxcVkgyHDX6gtwLa1Uyo","115776"
"HxMFtN39HbFc6z8TRsTrGLRyjFeE8CudfPHh3eQGcY9k","115827"
"GJhHJWpiZL6kAqKyA397zcPW2fNditaap8Cu8TGpaasM","116195"
"2gquWQpy8TYpGphehXqD6QmZFYg6oKJK3Qv4aCwtv1mV","117101"
"BBkoocctRizBPsu2WRHx5xvpd21UHx6ARVEDGVw7sAFa","121432"
"BN6tqdEL1Lv1qKrK121zz82sNe4QMzH6CGKMJfXbJVHe","121533"
"3TB3PQf2Dzc5of8cuiSajqe71UajUyBXx97RTrNuCyTQ","121746"
"4WvfDx2VCsyMHhsk3Fe2Nf4Zmm7UzFrmpFFknVZbiAme","123697"
"EUMfj9ysCJMntf2RYFvwCkMLbik3DXi5MwqP5VanEkA3","123914"
"CiKAVLzKbcbJgLQuK79eX9NsUe4J2xHWrhEWNhqpho28","124639"
"EDUbvCrH3dezKpS46teKMsQeuKxWD8K9huJ7S1fPc5r4","125006"
"4HxKeQSqv7GJYSZSKwEnY9CCqqQTcT1rCv5uJSH92bTS","125940"
"4zF8ee1jUUNdficrcoSTPQdfbD48kbTRkuiTPVpP2yCe","128171"
"3XC7iR5Kz7c1gCPiuxLuoArnqWdAL87eQg8vnsHAhEae","131251"
"HknMTGn7dLtnyBLhhJd7adqCrtMhPFeMMjJGkXu7T9gQ","131350"
"8mZaa7NpqyEw4cJAMS2wYiHaeFpJAZVxVUFDbiruRv3M","133050"
"42AxrMUtZSdm3PeUzRphufeSJ1GXMzgJga6vaBpPSZMq","134021"
"MMMar7NHxj2G427CR6qMev9SEJAq36HhhwUFo4fCd5k","134126"
"H2efvco7a8uufBxDJpJRuEcSFT3iUtPRdMY73rEjwSso","134298"
"EVtJ2vwc7Ymzc33HQ4daTWPMt6Wk7UErR2kFveGbMSP5","135353"
"7PCgeLJZngkFwT5C3TK8UFuewYymcpmZnazvDBXYzW4Y","135379"
"9A6tri3GR8pEEjtSLnTQqNQP2Wv9gzmkK5oVXZq9N6Ri","136060"
"3cMKbLpvQHvihehcmK2S1nWwJSBKHmpY1NnTcTCopJ4j","137008"
"5VMUFo2eyUY87a2xkWB7TJmTCYzYFGgGLAtg3W6zw4zK","142139"
"BLBYiq48WcLQ5SxiftyKmPtmsZPUBEnDEjqEnKGAR4zx","589624812"
"Cu4e3fXWfQd89r8Kq1dX2At8vFRVzadsxB9kB7TZxrmd","145088"
"H3KwdrMPx34Bzgg9tJLWzbR4HPtvu9VxvkAmqvTKrmMH","145847"
"82RT3HdcHS2oFV9qVyrevWAf3LSdWQ48iikgWH9piHbM","151554"
"EypCswQ4HLbZ2RpTgFFgWM3xWY5DzmRKmWocfvaMchYS","157986"
"CGXTr5Kx7235bZhjC4Jv6QzMuv84kvSALxh1NxRrwxJC","158043"
"5QqjbfgyKaBRxgkNGcwWa9sAW588WeYjgeY9mxnh7YJV","496699605"
"3pUTRQ9MYLKT1Dt2wJ25hWbwZ7NUu1ziUy3GbEKZUb51","159159"
"FTXiQVhb2TC81ra3EyYFQE3HBHN5kpqLDWmyc9A6gANm","159732"
"Ydpn4rSAhv8ZymMYrCTHqWqfs7oYb8mWwSVYRX3RRLd","161149"
"FTvbakyk41D1i6qCU4d874o4fGwShpYPGmERhd4NoLxn","161973"
"EBX8D2YkyqU2xZYj2x9HqYify5ZXX4t7qgzkxfDe3puw","162500"
"BtXAWtaVQRNJnpAfk7Ny1dYQ9R22mnaAqjS71uVJr93n","296970608"
"ZRyGZs4r4tQNaf1FQo2tpBTJpZrHcvhBP9JbC5d8324","3164453"
"D94jS8Vs4BKH2JXcj7DZmUffaojPoStFBJKhnFbRB2wF","166556"
"DprMb4zZMQxrZ4xrccukzr558qJmoc3RYvpciAUgt1cs","166860"
"HCXVRvbiB9hmXPQ8Axtiugjqwf66xGxxcdQ8vBS2wR4H","167087"
"2VNQb2y2orQViGUW68oZbGHQwUHdtA19p5JTTYUd9Vx9","169116"
"picaXWPPecBawyLfvTTfXLcL8CnsthNrDYgoQfHNiQB","170000"
"5tyzA3N3BbEJwACAChqH3E51LXrbCCEkBw5aEt6pXLdQ","170278"
"HmwrM3SHQ8XLJDAzQm7S6zkwoBxrKBwgrqQq8jAzWXzz","171118"
"GHrdW7b2yRXvD1dnbXbZ3yyTRF7PFbfQEURq4kf9YQrU","172167"
"8LxNhrzpxuCGRPgyybbijxRHrHb1HEgRh8mAS3cMZBz2","176763"
"5DDUxuqVjLQbFXg7GH1N22rQtNniaRMm46437skyVqXB","177184"
"6SZaPvjyreNN1X1MWzyEtA9KgXshr5dK8a7QWZHYtmZc","178543"
"7qtxRT9ozgV1gaPNbRVPi3Nw96zcYACmB5qMJt8aadJa","178849"
"6Uo52HTfwzEbnJXRb5VQfsNQGbeBSVBsiNRQTwPLPzJZ","180023"
"GNkBPD3Zy4ZmGCgr23Z8AbnSbbPSf5MGivDzATu6CqYS","180651"
"2P2a7ELQaF8bGC7234uTrruTce5xbwaCtaj2sU62jMdf","180957"
"BrUxFkgjsZq43aS6Cjztui5GrpzopWzppoVS6Qg5mtE2","182198"
"AjA3zKNmAtyeRtUSrYpaFw5z6Ee9khrRh3c83SzYuxUG","184783"
"BrF334KfJy3JSwzeHtucCiQcKEyEq8sLkZDXTNADRVgq","185851"
"137yyoXWTwVmFkrU2Z8zpraVBomAEpMDbZzGGGkTnsEQ","185922"
"GiQnXq7hukM1wPucfhNNcymDs4hkJhACmqGu6v3zRUEH","186655"
"HzcqVJq48hfipZmFHmkkmdMR7Ddgy55Si6qh8HnJq8J1","188375"
"CWssUQsyRCADTxhEeyTR4nuwMJnvRZu7NhaaARFC61ev","188498"
"EJoizpsrgU7hoChCZnSxVmpfKv7ptjdy3X8kaypGWq53","188781"
"5SEpbdjFK5FxwTvfsGMXVQTD2v4M2c5tyRTxhdsPkgDw","190000"
"8sdVBkovZ6gn22qkhQmjLm574g43ouooZ2yPX51Asy6Q","192063"
"BLfeztouyk7hTp59SiThsSLLqhgqZdEd4CKa8iGKHALy","195530"
"Fx3ZpJycgkohbSFBaFAZcejoup3TvN1pzwGVte8Aqz3A","197597"
"HybBgKsb2W1U7rL7riCyQ3qkh3csB3yFuKBH6XrETVMe","198299"
"83UaGH5gtcE3rViu8w1LGvqfCnDBZsKrVuq2sDo8nA9L","200000"
"8ioQiY6JYcunanWjq8kThY2vhKn9jKEGWZ7NW54V7jdm","200000"
"8itib5n3P3VCp2cTD2BrWh9hA4P48jyYmL3jNTYWML8t","200000"
"DMS5nwYKvNuzmb4Eit2gbfmqwLk9mktMjNfKw5hT2oUn","200204"
"2CY251pu9kLd7WKs34UYErJXgZTAfU1ZDyy4LHHda7zg","205450"
"97EPSy1pXVYhjZJoUpnGdLDL3eDcVvposqMbgQkyTzfh","205728"
"7n6jyNfQ9UCRHoW4LGuPMDja3BgEcFV6pLmxFwdDTPrw","206897"
"G3NkxjgWonSjwgU8ZsqvxEZuvnjtfFoqxJAPgj7ZWFd6","209063"
"BNVSLCBxTmm6unQfw9FmNW635JLBYHRDV2K7p8uJKuRy","209125"
"7xBn8todTE5DKjJRAc4PDFt7LKP4671kp4ZDfSbuPjgY","211892"
"H2FT2uzwDBWNCfTxpsfBMh9oQnDx2PoMMQjFdrwYqdhB","212491"
"DW2Na5Q41Ve6HZQzMvPwJVT1tzKnb2UCp8WZkk1EcJUw","212986"
"ES9YoyczrhXjdDKayWDrqt1f1DP4bWq5SQQ2pFJAhxiT","217529"
"7XNjL4pbeFcvmHRDEVWaXams1XCNwUJkgnEbztWJJQKS","219325"
"GCGKUfqVLLHDEAAHctWU3kZE1XfZvcfM9qAbfFa1RcVT","219815"
"FXnNDVjLKV5p7DLAQUNMUQtJSWuTUMyDuNuDeTCxExQV","222301"
"2BLUgyn1vvpJThmP5j9LofVirS3kiuL869EM4dWxUY6N","222800"
"FnFEAbSfzrDJUHiy1YWJcvVW4rmK1VNMumrPF5yVGRXM","223115"
"FsAJqBeZy8dQxTa96yB9ansRPwcZCSMrT77gsYvBFw73","226071"
"CAaAq5W587rnq5GDwQDLPRcNgnQkkTgdjMDhiV1hy4G7","226140"
"9GnbaAZ714ZJdCMdmYitiWQgJwHMNYRkQHi7WyvYzAfb","226536"
"14U72TFQXFqYnwLKjsvZjvPkpmv63upHbDDnHzL8uz6X","226728"
"HRWWVncVyh9XHLdV6uJ3uxESPRdT2FesjKuMamc2JuZt","227150"
"HFvrcDQSapFVziE1nEa6Jmxb43MyqXKLtr6StqS4dPbi","227446"
"BRyMk5a6DEeS8ontwTJ5QkYjsL3issdFA4hmMQadzoDU","227505"
"5bdkpJEdJQeft7Yp5EZLR6Yatb6exS2Qw65SXLcei3YT","228138"
"CYDmzTSaD5vY5aNLtFGb9bFwByZuGHVSHfpjVKpewFiS","228211"
"9VDPUzYcuXLJtgBiQy11m775dRVGeDyVfxXZnsD5twfL","230764"
"B8QMJjFApfGbSFzGCivEtCUKzjedc1yfovNJvyZ7zEg6","230783"
"HPxpNav35eJgrayuquAdRzKqLaFN6kdrVtpGNdj9NYby","231105"
"2gZJ6nUDSvr4adxLDRrn37uPDahewjjVaCiKpuzXEf5x","232496"
"7Fg8UGehhSktvppSdFEMpTZ8xMJPNLPgjcEoTX1V64cf","233409"
"6FeWrwdsw3fhtRir4pSPTk4WvWWnb73ewfgsP2RpwY69","234798"
"GpMZbSM2GgvTKHJirzeGfMFoaZ8UR2X7F4v8vHTvxFbL","237244"
"CSXRFV2dxagMxMxt7J5Gg5eFLxoXKNh1J3q58RzauRvW","237498"
"EQwqSaxqiU4wwY9AWpR3Ju5UbQGH7G9igKQd5fF3vPjG","238273"
"FXHHpXbQfFC3KZjeZDDcbnikpvuGa4cdW4UieidM2T8f","2746754172"
"BfRyig2uYLxWJT9HvLZXWZjPaTnJsqyNCBPybfSUyTUF","239568"
"G8K4Ft1WiFnXHQ2Vy9Z1k4eaFFgiLLYqvKdeRyZ3r3j5","242126"
"3VY5WTwYRkUagWtNqUJ7dfZXAP9yRdCJFDAexXej1rMM","243095"
"HEFo8inYFDdrYkhhc7xUBjB2A2HDf2vLty3zHg6h1ZcQ","246416"
"B5KLw9LJ2tHmvGgnLmBEKU3J7AQxi2dS3ngqxzwkoRL7","247704"
"JCfu1pvset8p4VxCGxz1t8p5EwcezXkTYMjVAcvuhAc6","248359"
"2f6JDgTh9hpUoFKnMhWKwgPFDcb96d2VXnZA3rSbuzhz","249198"
"dFk5MPtoE1vFEucFUsmSJrM82EGw4ejGxGdDYRPgasf","250178"
"4dh28iaqQrT3v9rNuNP6SsNeqCVbudjLpRVcmZdGWUfY","250858"
"7DGYLmEYepqvWPtrLXhacDn9SVwQqWMtT1fXjZYJAwpM","251190"
"GUNqAVXNpXJKDaTjfeJHwTYiYzaJe5q5sg5rWqvT9JMs","252978"
"8kcdWeAUu2NVqBnyxEDnbhGLobDdkqkKeBeycquX9nfR","253562"
"7JntEP7qedkwMoF8ZBD6992MEAS6D5Yxy7CLxT2B7ePS","255769"
"4uUADQ8x94ZsTrkvwZ5La1mbHJaj9ZU2wc3qejxKedEJ","257037"
"8Q5zEie543BzMwHKHkgnv2tpZR2dsDRUUohvbVBVR89c","645955263"
"2Mskw4kQz2C7LNGWiEbeFi411v8zspN1hEXPzmt3Ny4r","258408"
"65asQrCHAK8c2TjhxxF2zC9WEBbhFmUjb5Pu4AGj5rFr","258496"
"2eDKHUbmiM1pQo9gVDRTkhvCGU8i4WH4Tv2rDeNttvg6","259854"
"5WcfHqBRsS13Ji2rPHvxWEvXi4HmJc8Qs7FVcttELgnN","260215"
"Bv1XVdmdmbjNN3Q1CesQgghvtRCYuVsoHYNHC3KuF4wg","260800"
"FNx1XdZ4tTyT9xMbr9suuq6kFxrudUPhVLTRMh4ic5i2","262782"
"GZEQYJ8cHXpJPySQyBCW9JPQ6H7x1W6dmPowWrQiApn9","265034"
"54ch6Hz82EcKsTwNYofrzsy1zVmwwnVzxNApyL1KRuk6","265034"
"Fb221W7bxsqq491jfs1aeDh4jMyp1mTKitTJJTQDDPaq","266854"
"JD34dhnBXxM3BbNAbDhMgD5sM2NTGwSqnsk7XfgUfbBA","268857"
"GrJ1LNDCmhK56xxXDT4nVJPVNN2btM7WNcFn3CSFuLQo","270491"
"ESuvjvsQtjuxC4XGsDeMhx8Wp5yjQcCFGncGhupcJbg8","272535"
"8YXXFG5LUgRiTehqyBKFMymwGyyAhvwTAEVcnAxCXuXo","273315"
"7SjmzoEZDTU1vCYVx1YfbxMpjXxrfJGCnaFYH4rBnsGn","5275548"
"C4o7kvx5rXdQYoY6SDDA565mEeht5pz4TCJrc4sCdhJo","277885"
"yTzd2aYPuGB82Vxy9B2cEi8f8FQ1uRfhskeMWiWRhen","280098"
"GiYMFJ2zadZMCPoiwrLmtoEXcs64rKUsXCfc77zawRrV","282573"
"F77UoaZQQLFxMywUtbvC5D3h8rvk4EAspFyL6Z3qb87o","288127"
"8AvpjFmUefFhL6VifB5DaoChmfbZuaMELU9yTwtJX2s2","289984"
"BE1jMj24yptjV4PyZpYVQxxWxyWEbDyJtYAsv5u3qAHx","50458970"
"29PgQbCo4WauXeto1NvaXUe2Kh3HPUNXgpNRssV9sPXt","293419"
"GKX3ZrsHSnLNwensaBJKJqKeDE4YFdTNckei7k6D6UMP","294026"
"FHoCKP4U9giWNodsHafFTyHM9nDjYphaa7SaEQwy8VDE","297001"
"6jRooB9Nj5C4HENwSnkhBgRtfyGFhWTjx1JSKz2rk1tZ","298758"
"HMNhYfZKJXJZuYYvgC1gLhqMr8tKYKFikw46RcYM5M2R","300000"
"5BokkEKi6M9HEFTSFLmbdmTzRgQxiSXMpsaY6C8V2Zud","300000"
"EyPiibiGoqcG3ipLtPTJfrL4xbvak5yasuwZPhg76ksm","300588"
"EvQyyKtGYhNhszT9DDoUXXho95kyheNjNfFn1Vab6UMG","301112"
"FVSkaCjkgL7N2SZAPaTKqi3rxYUH67WX9Wj1KhXmGU1d","301476"
"6cix41uBpzVKrGZWYkuGXuoqf3MFEc5q6rMNW62dqMXK","301689"
"8M9bJs4vLtwP4hc1yMHzLyL8SdweFANntztE2AfVAGk5","308175"
"2wRC8oFq4NakBgJ1Em2t7JE7sFTCbSMPwAvftSZAc7xG","250309191"
"J1QoLVnndznuDh9bvHcbqsR8kw3w4roHdFtEfPfFpYaR","311850"
"AnS41po9RobRSc1Menw6yXJ69YMzNhrhqVcbKxkydbc6","312337"
"9J2v68ePbsus7igqc5r3bWp2mVregxei4EgufSaae3Lg","313796"
"6UoFG5Lp3kinBKQPnuJj9xYsZL84mYa1XG4VURTWBpHc","316688"
"6nXBdMQvbvAivjLax68HV8VVniR1fcDWpneqHhxFJSWf","320327"
"GAPKkvK15eePoZ3LdgUMsj2rpbPsLESga7vgyFNCupd5","320935"
"ATNRLL9228NWsiSSVXmhxPA6WvZ2S32hV8vFzdaERrc6","321099"
"DDM6EQtz6ApSjYWfVMA3JHNRjRrKkSy9B3bnBXuAeBUH","323000"
"9YWLt8bMC2PKUQPKQ9jdRB2cwm6meuSqHoTkHcoyJHBN","323510"
"DFazXepiGFh9PbDZo8TMnKgGrgRjgMY9N35t5UFP7Up2","325917"
"6tWuiK5twrhmSz2BpRHTrDxym1TVuPf9ByeoNoy2f9qt","326077"
"4EBAQS9QbteC69soX8pBUCeqNso8mbfq2daVdTTviVos","326838"
"C4wLU3E365beHGNUwAzHkkd3X4fxs9oQgQHR8633QRss","327297"
"3EKNNKKTdoToAwgUbx6ictfNaaGgZ36WAbTtbhcRCDyA","330551"
"DpuM1U6L14fr4HNSnjwZJnHNSy4KG2WUqiwz9R9Tn3fD","331157"
"Ewf15wuyJpt9mBcoLJDq3fzSKK8DTCoURPb7wiWJodwm","332280"
"6mrr1sSod87iLPPik9TS5QTm1uzimrLqjob34LGdaCLe","336803"
"7RpV145jdGh8zgMarefVwtzziLgTJNXy8ugtync7ffX8","341922"
"7XnwpWnRXDym5J4XwvTSBpZ8aQFgttJqT5JmtGc8sSwT","344504"
"5pFUyG6eieXGRT9rybL2TRVPauNAK1K5VJeEQjmKqspT","344767"
"86GnQbqwhUtQKews6KrTqfp7FCDMVSBU9A5At6uJUcNT","349953"
"81qLaKTdkAtG1zj56J4thFEonK1jBTEmKakzcZCF2HUr","353370"
"7yXCECmaBKbU9RJcvf95nEbDDAXXeJMuVCWUsZNBG48y","356227"
"7DSVY7rZ2roZodCxKqTVB6Djk6vHxLJrw9k5zze89fny","356865"
"J5gbiLgUhH5CH7o62EbWo1khr38sapSnAcK2cJauagwk","356865"
"FcAiwSK6JLGBBgREpgJBdRjwvvCRqbFKDGrWXK3VqQuj","356865"
"Gmj1cNdcXr5B1ycGuAsEeFqCCGYRbgWFcsffoQTSQLD4","356865"
"4zkAHYr6XG8MPWXvJ4xabAM827knAzz5Xamktiu7en53","356865"
"6fCbgx6tnrFWziMQ4JxY2VSEcWf6B4zqVqsW9cZsaWvC","360335"
"D6V3sGwJveUwnKe9Xk7qpz7oTnDj4aS7MzTc8vQxyYw7","360335"
"V94ymSXSxB5y8CfrCLLVkKUfd9QNEDXFwCpa7c7QKz4","360335"
"J8dqjhT39sF3N3pLu4EjaAjpwacWu4LA7giCCYyLLHQ3","361258"
"BcuJt2UU123fRzgxuc6QQiTUornpRnxTK7aQS8En33Ht","362731"
"BT1usRxqL6TEY3Q4M9MSD98nyiTKPC2JyCDptUWDaZSY","364779"
"7AbsdcMnAhgBWKat3qs8zaYZwmNec8qRYWe2b2WkQsTi","369286"
"FjHqRXmLcR65dMSdpKdvDSLYuZWup82bLLb4gpq3sYeE","2795748977"
"B91FWnV8atqQmyPuHVnq8h4Z9xAESVm3eGUKEbo2LvfC","371068"
"BW6rCQsneNvzZX7eAzUheZVUgyEqCYUZEhhPHCLTpRxP","371068"
"5pFaSs9coC6CRSkjTySxWaL6UhPXgEqpzhN3wTiG6SZ3","371068"
"EVyHRmXCjceV2NUxCRFk4kSrd2TDuEUHZCpNERNX1VcY","371068"
"46mHmmqHN3cZHiZ5amR35HwHDzo5aCjJ5W4GvBz5vbSd","371068"
"9zrjGJ5EeCYUJEys8pE3wHSrupeLauzx1CsCd4VEEGZ2","371068"
"8vdw7kkjprcaNHVLqfkPA28aXEvfw4b8NpyBiMdZknAz","371068"
"AimgThWe9G7EKUPgkwrjdQFj5aGC4NkcRD3NJw8LQUBT","371068"
"6WDvEQwLHJwbDDfH1JB79cr6HkmxxrbzbbW7S4J4Mxhj","371068"
"5AkQGdi1BKwLF9JMYCNxrgTR9KUHv334WW23VoPQcJby","371068"
"7BGzPyjn9MS3AMuXwro96cSpnBDMudwYP2o5ndE3YErG","371068"
"APgri35N7gqosjWp2h3ErxmRmYM2vAyRCiwVMXQYy8bH","371068"
"E5W9MvJJWXxqZgHxibEFZMGHUwFtVBR1MsxtGtoo1Gsf","371068"
"AfnWtBowzqExV3nfepAN4piEvFWiiiFXSVqbKjncrcF9","371068"
"9GgRQ74F3LoejDhXg2B9AEsgBDNoeAdjSwJfSkAYPrhv","371068"
"4CcoSUs3TMa9p6yzqdBsrc7QvPaE5zbXjQzsCD66wdpN","371068"
"EFAuD2n4G8vRwaBpodYpVi3LYFbmNjhqVpJ5dJ5FN2nC","371068"
"2e9m2jXNQLfwb6bUUGebPxDiVCPyE9Byr8sud3tevzUL","371068"
"AwTsJ8f5qBLyBQzsWzcXwBnPENqNqoH84UiEpqBzTSeG","371068"
"C2cw5qvkjCLsQBoejFsK4n8Q3dWG2zXXMxjNTiTi96v6","371068"
"A443JrZHBGqoWyzgXcXnMBQBsQMXY2vqx4KgY4xaMgv2","1076026734"
"Bkn6GNCcJoY6BFJ3ewzLF1nKmZ4eYtmBYsj1eNJ1fGnR","371650"
"6xqBsuknPKLD1HuhPThjwtJifP1YQqMoUnAYtv4jeGeq","5000375322"
"6LwFnP1AtQJ1fx5oYv2ExV2r1JoJfwZ12PjmwURFy5Xu","377892"
"suLnCmSt6G9u6qRsNfrkwuhFRsyrWdGCkd1wn4B6fSo","379512"
"6TCdxyMEmcwgGSfSj6TVPEiH62mtjtt522EYLyxpXuam","381475"
"3gTsLFWWFRVBemdTMYyENkv8oPZjoL4e3R54HJcd8syJ","382192"
"1iqmeyChj1atJ7fsNiVPCWxVwooxF8xwB23sXqdQ2ny","382414"
"pSwTTFE92RsRtvMCpb3mjruv5ww2KgBNVPscwdWwbxk","383051"
"D4HgcWJtj2zPumUhSpGjoW9uUbECTSJU9Y51yWy2xndA","383916"
"DMPs55wpBTaoBgBnBDb3RAoviPrBSC1pNPc3HZJ9sRiy","385971"
"5VEjetj9ttQhZjCm3qy2DwUo5gPxzZhmK9aQjgkjhD4h","385985"
"EPBWcz3mkVTmhMwPaPAwnzJXn7UdecQiQ7yznBPeAUTh","387476"
"2hCyef69PAL6aVRM5xGYZntTEg9pD8pM1JVfHwXEXVcd","391207"
"EhfoBv3ne4JN3LHmZt7rNExz4WvGHHage3asS3F2rPuH","391469"
"75QEX1sSkiB3UnJvt5u6ujq56XecEobDHRcGVbL8ksn2","391802"
"GKQLTBev3jUUkZPuAF24QksffLcS7J3AaPF3hmnEvoTk","7703885411"
"GtgD8Sq4HBxt1Jb1ak1D6iGSBwY9kp4UmKN1LZRFHiZK","400388"
"ArH3Rzx1Gwg6h8vQSQ27Tc1RuyMP5HKKsYJ5JebdAbKz","401308"
"2UQZFZG1pzbtVGxwhfSdvDHPX6qhDMPGE6X4feRncwn4","406055"
"CVLNL52GT1cg6uAL2SnrjRXyJ77NjmpRms8GJHzSvYbT","406994"
"EcYJB7FyZDFwTa83Bkwu6zTNcRMvCUHgjrDbPy6tE5f7","407131"
"FsTftWy4SymiU2RGT8mMczaiR8A3bdycT1CyFqCzYvB9","407671"
"gqZ4oWEmoz1YFdkFHCUNgqrFEcYa8L9MAv9U2JEUm3r","407825"
"7p5XGPpsj1gXxqMMBDdjNYQvYCyqvP7RHc6FJBN1yucp","409485"
"3Bitp9awjSEGE1UumthfF6iogTuTkFhaLBHj3xvK7yQa","411940"
"H1LRr6nupSAjMNrpwkgyWfXdZhvcyJgaRQPVgwacaT7G","412928"
"Cyp9RZBAautTkZp5F9xq6cUMdQYscGxCE6rwShdTrc5q","418493"
"6iDkUpPwc3GNXyQyfjrcvRbFsuCYz4EuBtd2H4sdgWPr","423058"
"547DYpqTceNvUN8B2nCnQg8uDj6Cayr7WK7TkMAsST54","424359"
"EWT7hmV2vVYRbj2BZRWQxXduZHDV69YqbqjR16SHrZ1n","424359"
"HKWBznBQrvtn5C74N7wvNp34JKDpTMySy4wFNXkv41Ti","426603"
"2KHQQbo3fGK7y8miq5iMzZXXQN6gH35PWpVECNEiXZjJ","430130"
"7SGU9eBZCLLFK5k1VKF8cdWXMe9RCAX72LXmxgqHX7j6","431567"
"BoG11wSNRKoxVRiJEwfDM569LJYXKhjKFxZT2ivVweqo","433251"
"7LEm3JAymYF2JTYihvSpAt8bQUiPHWtScnWotAeQFB7s","439400"
"9VXYxGnQ8Bwiz9u8b78gdYs9ucixLmo5o4zxCBriWSe4","442984"
"8paemrSm2FSs8DpeY8Dxff3xSDMcSaUd5za4cSw8pn29","446419"
"69V8UivhK5cuAWvMgzUCiF5G87ekEVk5MxMQ3FT7Kdj7","446523"
"YRTZQMHPjPFSaUAdNvSV9z8jkF5Towr7kN8jPKK3R4d","450000"
"CxtUTruqCgeqNMJKfoQExJQ6ScrYsWX2km1byy5EYMZG","450282"
"3wYYVouFYLVWuHJc1gJ8eqyRUVT49JzcNRj6KL5SYfZt","450753"
"CzpzV4nXsUJ3AaJNBonMeZrX9y8non9MJf1RxqC8bf2V","451042"
"aNdZdT4ghXYZZMgSEsJW7EUXn9pBN8b94hbMHbeg5fJ","453637"
"8YMFKEK6xuhJixXQMmNbwoztDRJGTdGUNjgq9Yqgzkw3","454904"
"AG4hNYpfzi4UgCVgNX86ncMzTMPEDQJYj4fWXuLbGnGo","455015"
"EoUTEhyvfCd6ecCpKArhdR76nH7HQ4xaTabWwiqgjXiE","457662"
"H6gGGuzCWRp2WVR2GhkUxsz1VoPt5aoNjspc3TPJ3e5Q","460848"
"GGgUJX5Ckvxg7mw1pB3jXEphg2w3Ndt5x731Vrjk9FkC","461869"
"DgGEopKtuGXAeqKNtqGx4LjMxYNp2cHDs2dc7JZArWRv","2160118"
"FANAbwjRoUZpUzcvtr4fs26Y69oPCth5ZXGUU5xyNhTT","469461"
"7bXY351s8WnqSiGNNppmXW5aCe95kgQfchNUJHz7LD3e","469976"
"EgskuTmqPmZDsZyvVeyrdtdqzjEGM8yWmBPxP7Hi9tp6","470580"
"BtHPLh3RJMYwF7nDcz2XnxcLhKnfFZuzXni7TP414moY","471037"
"FkueeF895DA6EMywjR7pybJ2pauRxX8PKV8gEkxryJho","478820"
"9ba2hv8yDCebYPjRTTQFAFGbqxnN8yMevvHverfhyQU7","479957"
"DUoReE1DRQg6ouuT9v9t1qBoe5qJfjPvFqtQKaGKaM5C","482902"
"2kmAFsAXesiW8xSBZnepVnPK67vDDBExDjhyvxNPzxJN","483253"
"stacheBmGG5zMKuetUevAbc4m4dLbve1VPcpSur3voH","484199"
"CC2bAXtJtVSuRcMdKKt2menL4N5bi5CzyHdD8Mx2ricH","484372"
"DpYNeLTN2FYrfvvAtGLpEAUvxSe7ANPVhvUdiDPrA3cV","488883"
"6YuRPmBYMd17AoJqREDFnGpTVwxU7jhaPo99cV7hoEYF","491152"
"7CZLiHxHuE9jrTHGNxEmR94Sfb9sZ1gLhwmtfjnrxWdj","492441"
"G8VkyBXbbVSyzgWoTeayyR1W5KHtrcQWBXHtr6sPQmjA","493693"
"DA3ZRozSrsNFsFpCTXE9kRqSiJF7Ar6bZBQnTDhMNaVK","497950"
"FiJZ8H3EuwS8wuckMf3QZkPAPsWqdGWETFkyL6Tx4ciN","498521"
"GohZTzHujU24XniGTcMdhxJArMMs3aCYvfPMYkf8Q6LS","499483"
"7BLh5LjJToh81ZZZyYC4aCv7cHzXgdfhHYyqLtdbuYdt","499666"
"FzoMSB3EpoozuXdFbNUrdYo6JD4cWfUhyA3Ku1Xsd2tG","500000"
"GRZZ7xBiwSEPmnAfq5G2kJLYWnU7YbddamPgsi5xkfts","500245"
"6PJr9fBAEmG6ZWev2NukRWDxywwxvjaYvcTfpo4VghZg","500332"
"J16m2M1zvVMRPWxgisgqHwyjrgU1GbKzw7vsVj1U3j8e","500629"
"DhexWf33jYsPhVaPmUZTGZKHxqHd8Mk37XQ3R3BCViy9","508330"
"PoLoy5q6vPoFU3BPFoG485LSMsQyXXRDy2Y6AS5qVkX","512887"
"5ZgwWb2AaNkLEJ7m6G1NxcpiUiB3y8XDZie8CyKHsjKo","514139"
"ChT5LUChCTvDGfX8tXj4mw57PP3UHLcfWPqXV4UPyvSy","39931574"
"DtR3DTnJH78SB8i4ozJGmktqjR7E9mAiYGpbCG86Fw6v","525505"
"8ZN9yrUv7ov47BkHarZx8V66YfJBuCEaQJdHWk94zdh5","525521"
"D3r3huxeuajMVcDAedNoFU1va1kXpTuedd6BoS13pq6m","528231"
"BzS9riLqA1wxZoTZ4RbPxbGxWM8fSfWhHttHPeAQE1FF","530441"
"GY9vWAoJiLPhBVYxY7qAYsjyzzCumHy8sQ3FeVAfDcaw","531581"
"DLzetvnxfRjfU7ok8zpWkgy1BD84syMDvE7hEs5TNiZa","532456"
"EfyL9jc63qNwhraNBu8SZRw89V2hFuT7tg9Y25AJbQSh","535677"
"45fDRycshMu7rCtsbsihJR9sfQcjQweVn4ifa3VqbPei","536505"
"8LTkoLK2oBMhGZkcecm6nj5VKHG31MsaxHAFtfQkeKx9","537223"
"Aotw3jkMzgRYYwSzRAPKUvyiTy7NdFisLgqQGR58dmaE","538061"
"Bsn7wzxbqa7bFkFZsBs86R4YFSUbtJNkbtNnRM1tcwrt","22423575884"
"G4wqnSrb5smPPFsneMvmwDe8H8RSZwpAHwwnfXXVJT5A","547850"
"2uHEGS8hujR5zS2KD3opvciupVJHYhcZahrRfNmkyYhb","554347"
"53xJmSaCvfBqM5bTcmJVuiw9CyTWkkMZuAqpVNr8YVmD","556898"
"7nTx9QbehJAbZMBT8RFnYoVgG4MeJ2SppD1VxzT4b1RB","557914"
"8GWT5kXW1uadiw9SjC3ykfTB84SmcW3UipMTZB4mKoFX","560430"
"2qE8GPzzrXXKhQN4AAZVdQGH57EimuWs8WXUPg4X9hHq","560491"
"Ci4tDa1wYRWpWYCFDKdsZowfoB7y4cwzSU6mmgbnPfut","561145"
"4gYuYtZpcpuPGd5FBrdx6CaRbU1HjgUZZN5m5PixkTaW","565172"
"6xNU3bLdq39k7xe7ProGmF8nSbAzDZHWqH4cuBwc3AKw","567713"
"6fn9crvDbzjouqKwLfVtFVWxvTyVET2GvLAMsNbEHkJG","19224836"
"ByhLmxRWMQ7d6bUL3N4tktVDDP9uLgBrdFWdF7FxoEka","571218"
"4T4mGcygrQZuARHT52Z4y2vE8beKHnaMP4MenXmsGBUD","571899"
"pcusdPgVKQ1x8ZPzmp9BijWXe27QVoLanwmDwwLbFG2","572723"
"CbtoYQJ8TSqnQucrEzXrZVAzpFrYueq5nFFR4Fp1YEE","574635"
"3W4kqkNGDxYCPY6bcKfE3Vp5jRQ1CSnd3E7Lu5Z34rMF","576444"
"ABkdMywsySwLidZ6ZeXj9XZCBje18rKwXdQai2sMcg3v","581194"
"DS8EUYPPAzgfoavZiTcChyS7Ksnafr85f8PNEUgJYE9j","581404"
"EhomhKDJAGefCNUbUvQeKPbAMzTBmYQaeoSdY9bbxJFQ","587009"
"3h141Y5spWzYDa5GPvroqDwtnRjBfwc4SDrsVEvwrg7G","587791"
"7pdGyzh4J8aiKLQb5RccjBCqoWDxtw6WEJeZXKkuTWRF","588102"
"6KnXpWPSDox7w7m94k3DfM2ZNuwY37dsFTeVNGVyP1RE","593164"
"H5TdFn2mKM7U82sDjTp1AyfqzT8LUJUCa3UPTxnaQmPK","594486"
"8FyfFiyAEGndzPKhyZ2Ai3RVJErtRKSi3e61HdvKMZu4","14505789658"
"AJieD2ZZeXxSzWg3FY1oaZUg7nkZKFLAFmN1AUv8hLpC","598853"
"buffaAJKmNLao65TDTUGq8oB9HgxkfPLGqPMFQapotJ","3011058331"
"AEVNvpD8xXkoMi5VCoDMq22qa7bRfpWzuVq7riZ4RAhf","604442"
"3yTpoe5RzBPMGyb6ga1LZomFQU9VV1rLXF82M3eqHiVZ","4054301622"
"4TM8QwzXerPubqXH8GMrKzt5B6SbBmgBTmfkMNo2yA2B","612756"
"6sQX8i6HpesiBxyg8Qvm9DJmvMzyY1d7eMJK579rK64v","315542557"
"HQTMrQgvcskpBmhXGpWCqA8NadwaNnAe8eMvw61hUX6g","621477"
"B1sStBTyFPMrow3GV8L81nTxPtPWLMT921p8QE2uofuN","624839"
"ENu8kiYSQfPhCEYurNfgeFT3mXYhKGCZbH31FATfQ7ca","627250"
"FZAVeRVw7UaAPyTZcmcg1AHJtbwKm8mmaLTJAtWyP6X4","627564"
"ANBPYhMNF6B4i6SuEj9F6xELbv46A2UcXueQxBETr6Eh","630919"
"2QdaYjY2XPBqKWcrK4o2SCyqc1HSgJkTtpnujh4SVHrs","632584"
"2AgYhiLiZGUAGnzVCg1jPpD1NuPiGAE5hymt5oXszfdL","4278979543"
"CJcRUSFniGnAafaZNWoYiRLrE5DFHuMJpYJWaxiK4WZ","647125"
"6XQuf9Pg7mJNnfWxWkJwGVQciMHwgTzXVNcSs5wCQhXF","647125"
"FRXNwhNgLApWaa97fev5q1f3GP79ze9HBXrwFqePpeh9","648701"
"4C3s7d213zXVtsPqptFcurFhB3efTAYYmYUdVBv7v2CF","657514"
"DKGmQedok4Kq2rFprSHi1GAUZiawrQqWRHpw5aZj13Wz","658078"
"9inTbPmKuL7gtrY78TNJobgvU1stzUPhrK2bU8BLKEj5","659391"
"3rWpFhUVLd2bf2b4sDiJzhDibr1ySg8wh2d84vPA8TGb","660922"
"AqhBp99PcL3ZdVuwACrvjKZw1xj6QZaQXCTYsnY53CaR","662563"
"HxfLNoPSM1Qxi43X7NNChr16xESTEakQtxnd3QvxAHrB","662835"
"9atYokuZ8VZ89GttA83XaauBsiNztN4s2kQz3nhS1JGt","663348"
"C4Ur97rdjq5friC3ngwXgfwB13zXqn9UjvNmZQLyHHps","669841"
"5bACBRR2vxXRCQjpgtzXLF1Chc6BobpEXNgdAy2NwrSw","672632"
"96BJbhN1aEVvMzSPKka9M9fHzJgnVSC658VJoKzzC81S","674513"
"A9jTk67vGw3749KmPywhVMJQrHjgCSz7HTSTxjaAeFYA","678072"
"Ehx6U2L4MKbv5oJQosYdFUhYzZxiufcvNbHuhQGuNY6r","679097"
"2JXMjRC9zRbVjsWxRcp1n7QgsSE7TJhF3VrDqkeHdr8V","680386"
"81wTzV2ToPrfiPNg46oGGV8AiifbJzcxyjksKQ3SFaqo","681005"
"8jcxvAoBgroE8mnwQBSU8xmJcZ2jXLPY3RYsUenqCUmj","682223"
"2LfpScPgKgKMLsPu1a3hY3jQ7xr9bm9XTDM6Dvgq1FVG","683112"
"2jEHcBpAL11kJimGY9H8jgbW7hQMLQsWHWMgGt2WniiN","694166"
"GWzsBuxUy8dr2TbK329az6a3R1TpXorX5oCNmF6UmWzp","699553"
"EDRH3BCSVhnyXKYfMk2HnrhyjPMzHcoz97nmwA2CX2XM","4825998"
"Fo1FS2aaQKpnWNRhBcoZfFsAyTqYL94M9cqkwWgFzzoA","705971"
"EwyNiDPaSf1YH3wW1pir6b2sMEu4FYWpEjAxRkJihNgk","706469"
"GzYiXyPsGZXpnkLDmu7TyHLwMfHqDts5QU3ZvyZZ7yTy","706613"
"5R7W85WE1yHRfW7fKsbqZe9XDW5H6BoBTBRofsoMcp62","708199"
"7DKgNBzjFYsboibiPhB3948vk6VGACziEyeebv5AuScJ","715341"
"GvkK1kNXnWmAJSRNM8PrM9x8RBzsLg9WangEnaRP2Z2C","71919753"
"cLPqBawrD5C5rDJYA7BWwiBi5b63JGcsUSHBuNM3LTJ","715729"
"BWD41zkrEGtUXYTxC12jShxqdmvifwUgNC8VFpDpohJB","742136"
"GcsQL9jgPGNZP4AABZpX2YStNhKpe5MBAr4ieCrRna6R","742136"
"GSG2XLNg5gPJfYfWkM6m4BiWCpfXiQhGoFqm1FdzySw9","749301"
"AJKuDD4T9oGwHX7WaEchWK9vv4kLLiHjjV3vVTsNdeEt","760662"
"pcUsDvZfHFwnUcHwxvyUJFiwyrKKtcLvdABeVGBfQFe","763981"
"CaE7r6qa6QyKED63gTv4KJcLY9f7jvvbo72YBWve3zw5","764362"
"8Bu6YWxJAtqKRXAwu8ebcA1BohWzJUmSbii1ijoNfTEa","764520"
"A7CpijetKH7jmgRmFoH8yCmcih3pBok2D4ULqrgPSSQp","765666"
"GpQUzkLXd5SKBL7zVEiLTYPMsjbMarSbT2GwSHtv6r7o","770632"
"BrT6HcP7AC5LYBBLbVsD3RG1U6KxyyMTiCNef358ExRs","774464"
"B7cM9A6Chczthijmg3ca5jupQ49r4yweB97C5ZhDhwP6","775850"
"C5id4v9y1JfzvL2xX56gFESDFXTF6d3ua4zzZyipfrxW","776446"
"78TT1uUcjmQ8Gb4NqbjZxgPEAxxD2r8rr71oC5kda8S2","777810"
"5ofckfCDszfXXCmMvoJRsqbjCz6LT6fLZgdUQt9MyPJq","781442"
"3GA9pCg7phTCW3y7cS6RM5dhXa7wjXBPp6A1onzbZXmQ","784502"
"6dqyoyrEGprFqizeEzJbpGKuVnMLUmRUnsjnndVMsyCe","785837"
"E5CbydXdMMtdAd7bPnRMCNTuCKMTXuyErLWWXLoHg6cU","787509"
"HLm1fmuC9XUjgTSM2BF89heC541ZHeL7RSeRm4tghfVe","790271"
"Bff7doQpyfo7tjJcktt45eDvtbKjmgj9T9W9zzJHrGTk","794532"
"8gbSWC729kmh832bLaDqQGmAFrqfUaeizSwe5y4CRuQk","794989"
"94dBcCxX9xYcNBt2iu4q6nu11NfDeex3EKDGvxiAnQsw","110900000"
"28vbpFhMX5BHBt15Cqog6FEkygu8ze8eGCejCzV61sPo","802116"
"2tUPcEZNLFxmr4s2rQkbAGFrV5uUrzosdyuRHwNfTXp6","808360"
"6FFVMVJaU71gRkvQVXPBo4poJhAwY9PKuTB7ZEBnvUjf","809042"
"2ymKenrsEoBRt6Z37BaBpwT1ASYgXsE7JYTCKQPKqtRL","813905"
"HoRinXMKZKYXKstqLF6Yh3CjAUX2AWzJoBBMVsPq7a5P","815784"
"HCuq7UpewD7W14JzSFtJ4DZ2s5Yp3jd1mwGx6RgPsd4w","819219"
"3jfUwuoBjt2DjhvVdrHide7nx2GbYSvqxn6dLDmV6GXt","823273"
"6EP9mpGjfctqvkx2tyUVE8bxWa1SVuHDYqbCvi85Pneq","823506"
"AXp2uXHXJWM2WDynKkyQsQwpm2Lj4kjhoguh7ev9WhkF","828349"
"9dV15Hx6dNEuHhrxCLCs3on1CH5tYw8kkJs6cxiEtTeG","835154"
"3TmZH1TdAExtwJzThQj2xk9xKzpLssFQRtnafFiqJwDw","21735055"
"9vTAMkYkLV1oPbwH9gG6pUxNFPeTHa6j6v4BKvR5L8Fs","851713"
"GgisxSeNKtmeqtnSyCUqCeaCaeKjBA6mUHV32LNirn7n","859920"
"7Y9sMtyyQ6BULq6uYyV2iBRgEGkJfXizR8eQTFdChSmc","861709"
"78dYRxtDqcd6BZyCmFnSCFHfgsLQT18QZgjgakDLLRu","863014"
"DPSVHrmeEJ79mP8zgFpKJy5ebRGS6QLVrGfkBxKkwef6","864056"
"BMWjVAA1m8kRtbZVYEZXEdpCXYnAxq1ZWmhKW8pJ8Mc9","865673"
"2vQhUWy7v7HuGCdNgrycnAP7dmbMvG7SxLsqdQ5JwjNx","865726"
"Az1FMZy1xUUy5Yrrr9XZkceP64zjTxs5qS9szADv2dQE","867405"
"4rg9Z8w81gC7JJMU4zDTCojpN3ed9vDoYgfmVpJvBvXi","869515"
"6j1ddGWiuXjMh4sZiMCnQ4ixpXF9aWKUEvi8jSXTsPXd","874020"
"4rBdHiYsMYBZ3uaNddjNgHePNuk8GhG64R4EsydNNjrB","875000"
"C99XX548mGxjn3nZCPPAtTV5sPehTcjQ3yDqXosh6efW","876124"
"AojPxAF6hd4h94EzH2fzr5E4g31PvTnWTz49YXkJxw5X","876327"
"9mARznxpjtM7pikg9VUup7F8UL6pBiv6X2mSgY5CJ7ep","877177"
"47YRE7eLAdYzvGqSH1XLg2o8xUtywk7sS5BKv1oR4Y7i","877204"
"DrvHJXx7srEZ3MM8j6ocVE7chr3dh5WQJUM7J5FBBAvm","878396"
"t9gnrHvK2ujpTMXW3n8BYLmc9NDxJDGFymXiHLXU4UK","882339"
"CbV3ywK6V7tyieyGNgFKRQHzdcPN48krFt94ZLZGniGV","883448"
"CAuu27nGMTB1BvcrPAPNt9VQ7NLcF5RPATREUzSokYnr","887269"
"c1ZYkESD1g1eJN7TZCGbbqPxqmxfFfqB4UrmCyfYnny","889002"
"GNSReEk5X6Ffzx7UQZ7PJfS5MgvUXAFH45bvQBhTnZ58","891422"
"3dtFfHdu2QFgPgsGXVgLM9ggVYuVcK4ZoHV8rMT5ARJt","895094"
"67JAbADXPGhvCpJDkkS2bZquRCZg4UomZJEyPuZrgycg","903552"
"E6hQyyCyP7LhqtEYvZf9TAtaRcLjuKBVVwnc5WJ1AxPQ","906146"
"93yTXCHrSw6hvRkfmZtEKo2QihfZD2VpTBV1KU4FTuc2","10907773"
"CNh7xwdNKWvTtS626Q9y6t94gS7XBBRTxSzAEVxb5TfK","908210"
"8KFHsMKbcmLd4zoUSgGtyxCsqWvF9Ue1ixEWiA33erET","193721200"
"77Sv8oZo2EVf1x62KtQNmuw2EuCC5oLiQvZTtNR1PdeF","927443"
"8sNtz2aKj9dQvihgQ8HWBapvAarmj37kbVhwdqd4sNYf","927443"
"FurDdRid3B3JBhp3eZwW9W9EByK1c8ih33FZzdFU6nv5","928817"
"GVj7TGa2vMLUE4xc3Ss39knU6awG8uGNVsbCTK3oFtep","930764"
"AJbgLv3Z4s816s8Qen7XSLiGkQXF2AELvhurxEZiKtLg","931052"
"8iNw9vcu9jeTTymeM7SXTkaVrENoFfaANozMhk9MT7vs","934020"
"9fwprLjVD2XBrAQVCFCL6oaPQ17TVnyZM4eeP2LMRRZK","934381"
"vieP9kmwyWYKK7sjQBJfhfnzxKSKa1ZofNBWtq3ZeNc","934421"
"88HU7mLBerXEUYS4yqyiZKK4XNto7av9puMJfRieMfio","936594"
"EkMLhoLrycDFaa8JpkP88oGjuZ8We1tAj5JkkUnvTipA","4685698861"
"E2ckrBzbF9HVGSWZzG9JbGMR3ozDy7tDj67PEnFe2Y5y","936999"
"FRsFaKL4uWTASa84dY4SyxQVhbALiyYETgnyT8RtLvCJ","937800"
"Cw4VEYCJxeTLLbn1FDrniN4Kuv4C7hFw1uN7vfCa6ydb","937800"
"4dVmFczTw2ekRtGNecCKGwvn3Krm4LQFz1kE7tfBN7LU","28081622"
"8fTWeUpUtxd5kNYQkeCmKmCzkCv5FzizDacqmAbC5H8D","939451"
"35PtfdCD4FTdmZtsx3sEdUBR3viEFXkPb6Np8oLQiN14","29152277"
"tqMCxjr71XNMAxfwgabscBqvyGSN5BE7LLBdfMFQhDi","944682"
"9QcJWDv6sj73tDnipuvu2EQsKP57krJ4xVp4nNf2KSzN","945186"
"GcojPVfy9Zi6UFRLsoQvGFKJ3czGAuuVbzR2itdx6GBt","945559"
"3iu6RjbhXwQ1YqQFq3M99ie65QTZjkFVicoGKGQW1eWL","947898"
"8BQF18CcsqbgUi7cmXmWbqXhvfKyeWZL5DYPN4r3V9rE","954162"
"HiW8aeeSiWNqR6wPgbatzbirGYuxfaeU1N2EceJPrdFB","957494"
"HM8rbj3CEeeKcBpNkMEBcpg4FpKFibXEc8hepFG423L8","958104"
"7FPUbUPKvWNaiJaThMoy7c7PrDtn38PAq5ChuqBZng5T","959440"
"14H8S3yT1Drxw496m2kwA4Szffgm73u5J6VZR1enqKfB","961739"
"DcWfoyCLbfd72WKxrhr2a9EvYiYoJATw44zi1w76cHhG","963394"
"DJwKXF2KtgR33ZYsHMph1xS89Rxd5vD45UeyEKJyjVjM","963450"
"482mZa4bhAiTJoaMwU5ZLTr58Zgir1CAFxUk4ZdAEDu2","964216"
"CWGQPqtYdECUH7Hip8nvwex5ps3abrQt8q1Nj6M5piY2","965331"
"BeurG5Vu2RhsH3KEKy74fPqs38RCiMdm473zJDq6hzhR","972562"
"ES1Z7jZRkaN85btoakeLw2wFE3TnAgtSwWhC7aGjwZoT","975912"
"4wH7kxK8fMd4DKTaJ4tt4CFfGcuLJeWaAxu6AN9v6LFx","978279"
"HM7oMQocHvuxwwiZKaYe31BejEiKm9mMgCx5eBm2Uwu3","982723"
"5NLmyKdwCtw8LhKUST1MXbxfLV3vSxtZa3m3qTf4qyTN","984461"
"8yz9h9JqF5QdRofnSSisuFwDaatYnXb4T8wMBrtBSahv","986282"
"9xAhs4WuVzuuWETFw56S5ZG7HTRTcFzB9SE4z2g4zMRt","987354"
"Rq3a9fCEPJgAxccfRMmfNMvoBnnc6wk8oNm7vxq4pt9","987425"
"StopZd8zLzh7UWkDySSV19AU8ZBQKDW7cXc2PvPtXoD","991241"
"A1m5vJwZQ3695aYyrNWEi9PEQtmmi7jLDEG9Un5Lobcj","991615"
"FQtHkeAXeQXgdjogF47vehj6JYYzV61TN7NnfoU3CYB3","993018"
"9mYQaE5FqXL9hkett97m2dNGqD8dHX1NCgavz6FM2VzE","993471"
"Cfq62BozF3Ykm5Jta6ZumX6vByXQC63nGUUvteVPVDE3","993803"
"6bUVYFMPAa4d755nEeEbJ68u49dfNAFXYZJgR8VxYWd","994064"
"BcSo1aQSjKV17B8qfgRYggT6MvKnbhZeqjeRws3ZWWeT","994586"
"59SbyNiAQTJMQhca9MZZ8FG95HtUzPFE4eS3AhcHWaxN","994963"
"8CY5Jkij14zxwtWFEwEYRtiG2KiHTC868gfpn8VoKZ2F","995487"
"A2kThK2iL2rYyiTqmXEsfQuNXqffzjZeRXmefsS3ku4N","995907"
"7NMH7zfitppFumadzLnuPP3xHEnPwCpNDkQPMaTPQr5K","996001"
"Fsa5uw2K8sYJmZhWvKG9YiRPoa454xxHwMg4SLPp8AQq","996149"
"2aVe5AQvDkE7HR5RP9cWCUMFQ3yeYSnM8kPZSMPMtpA2","996682"
"so7HaPCg7WJgodka3NzYgFM2hg6sSTRKFUq1P9NDn1R","1000000"
"85nhmB5NxxzGfzGQ62pkVVV1qgYKQe7N8UJn7wLN9mD7","1000000"
"8W6dCw54YRcfByL46Xkq3PbTkduW7fgNW6uQNvk1AR4o","1000000"
"3vRE3E3LniNJJ4MNJTmcWQRopiCHK4gDqRLJWzqR58V5","245816612"
"8QbeWfV91f7m4nsJFDhn99j9dmFHHFPcrSWWSgGzHAU2","1000000"
"6XJxzEACf9koTM9TdBSYuPXw7v5Z2xQnRJEwK7bLNnEZ","1000000"
"FsRXiajYL2d9ncgh7mvm9Rs4WeE1g324PHJ7q1JLbu8b","1000000"
"52fTAaCoiy6cRAVXRvz2QsmnHTGYeW5Rf5Y3dqXSgjAL","42000000"
"F4MCp7CM4SNZfR1ZUrf5rP6RV5jBfeUqe5NEtkyHk47p","102000000"
"4dxoiSzz7As8swAwgRkbbY4TXDzHqPTC8GRHEcNpeAR7","1000000"
"7RLBqDG3poNUZaYF1aw8e54jbZEpKLPqewqmNLCrv3Mk","1000000"
"5V5734yzQGCCRZYtzVpYvoxMzNiaQP9M4VarKfV6HkiC","1000000"
"HkhnPv7vYHU4Tr4Ps7NDRjnjfxRCnjZyYjRnJxJACthj","1002398"
"9GNaUY9Thi9Y3FMym5DrfqokzLC9sQqzm3hPbtjxfx4Q","1005022"
"Co237dpYHrhaGK4Juk27SLjWX2Saaa2az8zXsfeYVVAc","1007321"
"Xh3idxV875dHPsZwko99URxJx3ZHXTPTAvHoaUtW3DW","1020960"
"pnpmzDAi7Ao7sHjJ2G8rRUwcVVHKHJVndsqkHKvrNHW","1024630"
"8Y5co6yRUcfSQrPyWrAAxQ8j5ksAD8VECLvk6XJyqXC3","1029418"
"2dVrvFdhac9Z5C8bbLu6n6VESyQjfhSupPgKL4oivg1n","1033074"
"GaCDYhSxSMab9nJSBZDJvUFiqQZ9kKuYjy1tSSuEDcVs","1038776"
"dadkdEiD9Trw9WsgkGKAxmqcVdc6VUAT7BqPcDBLNkW","1057941"
"2xaDzxzjZ4J18xNJEXMXz1uCxBMeEC5wA97XbRQZyx2F","1065168"
"7EtKEPrLT9J2FserLW9R7gfGNtz6ZQGBFoskDWRCcUFw","1068246"
"4NFGqfed5HYi6XAE2Fby4mZ5BgFwsULeSTocWGixznyn","1071568"
"2HwvwfHk1S1NWEuJZ6i5aWYt3zkSyg7mV9Ck1PzwnokC","1088066"
"94YanbKhomv1WYD68LS2n6Hj3J9GqdU5wkMtXJ9e2WcE","112200000"
"EqgRnzFC788HyPTpiB8W3PhrY7bYTo5kY9DPKMZwMVUL","1102118"
"AJ75ezAQw92Q6FmBFRn3gubRNvnRYC1zqVHcwsSi6hhk","1104165"
"BkpmFDEDsZx6W7nkhd4AudMSqbP27qgSvAAB4y2khDZi","1108124"
"GudCATc6qVWqDGeFbFQhD57yjLtfhpNAoiBcGRqjvmKT","1118064"
"CsLL4JZQrqNkfEH5B5xc6Vk9jTbdc71pYTCBSfJdb8j2","1120708"
"9SiPfN9uszcgudaxmHfHw2vW5UEVdjH5Vzj1CCDYyhEV","1143139"
"AsJvqikgUcnAbCBiZQG3KXVmxHFQWp4sX9J9yKKzbHpA","1151216"
"FxQz9hXaF9n92TRMSvanH1EDpyyWa84SuYS1nURJ2iCi","1151549"
"AFjTgtuBEY9xFBvSaJcEb3Fc7Ss4Rix7WutzfqdfhHSP","1162487"
"HdngDytahcEW35efiicc3cj3JHoAZqpoTHPM39aQzAmM","1166187"
"DeXXoNdyKk7fEJkoTDkfVwCe8j8hjXxsPGLdk31gJsMk","1179966"
"HhqyLeaLfnUuYvthH6zVxx5Mc2K8saYE7JWQtvUxiosp","1180108"
"AZSWLFvZbzZjxTsHWpUJsHWA94yHEWaJ5EnrBm7HbqbX","1193710"
"5Lm7Wf3MJNaVzybrEFQSqTYA4mT9muHVcwQwPZQwtrLv","1194604"
"7hBuDVWu7hAv8pHGZifJqqzf4uPgCNoDMZAVYDDFojCL","1203967"
"ALNoiHHiXzfoz1YF2RqhyPTPhW3VQBXJsthysGeg67yu","1208325"
"3u8kTzHN7uChpqJpH4WkMvBGxz7Rsg93EvB3k7dPf7G1","1221415"
"6xj7UeDYN9erdxr8Q5GnwRuzcDg7ABnc9RNCkQeD1G4j","1223642"
"4a8o45skRPcyjAdyR8yES215Swvh8uTpZD6KLarhxCJ7","1224455"
"9kxAXK2pcqL6ixHSZjDdhm4eqkuL99UiquGAkztVWe84","1228645"
"2Co9ddPUeGXtZFGHy7rLMZcBjJ2AK5GY9hinCCf4xWaJ","1229257"
"kqtUsuJTtJ984aJDnNuteCoohmAX1aLUr2Y4vLSmz3h","1236245"
"FKFSHfYVsckAGuVGAV1SmzATHRWVoYBF9ArAgQSNjWd3","1237147"
"3vbymyWX2yiAPpKrdYvbnXLnhMhrQFDiZ8zKDmvMkGUA","1239692"
"DrEyUy7mmeuhXMnwdyfn2VZHXm8u5CfjhycVf2yAa2H6","1245930"
"7hUpzsjXGzVJ879RhasTEuagYgTrBgDSVSe29dJ3FsbL","1254866"
"Dt7PBSmVPeQhyZtm8kVyhGVxuBgCJCq56zSg1sHmEaL1","1284527"
"91wj1TJHGAoeQNn7s66SgbwU6rgBx7w343mjwA5NYrKb","4150143599"
"J4uBbeoWpZE8fH58PM1Fp9n9K6f1aThyeVCyRdJbaXqt","1290420"
"8rT6t1iSFMG6esDs7naXGaPz6V42U5DJyLnjYDdXtLS4","1294410"
"A1SX3NSv751beUwzGhZLPKpky6UmH2gvMCJMxnikAYWU","1299814"
"CJ8ybRYEmjnS7mhHSHEfE3WePr5LNsb8zoHLUFJxUUyJ","1306380"
"JAj3XfYsYC85d682iYZe8c6gcUWrYvwz5utSQrpXPnLQ","1313192"
"8FpmsYLo646T2xMZa3Xyiyq4dJckinDwxg1kXQ669uJ8","1315943"
"C4tihDiLZTQA5V6CpnfvDEcprjpUiFoRAtdQ8fwBK9kA","1316366"
"4A6wJQGJJnqSgf2KWnNem1NwJPi1B9XZyUU8N3HEVXo2","1329759"
"fGSEyeej9t41s8BeNTJaUycZijDLLHAS53w5fQi7txJ","1333686"
"C8Z8a29DGZCYXcoPrErK7m76KrK3KifRoKQcUi5pYnNE","471343320"
"2gX7sGFWpEmg7qP5vaZXqJF8DtMbRogzg5q6JUzbc4xH","1364446"
"FsKeF97ZXtv79ZqSTofU55ZzLBgPYcMhmkj4XvDUtrFs","1376509"
"5xJjKBR9h8C4jZyUb7M3paFStq3KZ9jS2AhYXbLbd5pN","1379684"
"4KBkNESxoC8j6YpMTC6mtWbJ58NqhFTThj4iXSttk6Xv","1397372"
"2g5BxYJApruwRsVeJ16LEunqkiCDdPEepMbjtTu6Xsm3","1405691"
"D9QPtdrysxBYVwwYq5aiBxtySCzrDQjuL9gQyo8Vvajp","1420823"
"6yog2jMFo7jx9b44h5u91BquTNtn1sa89N2qDYnoniA8","1427700"
"gKbCsvZ8EtnCFa9Grf4q3AAPse2PvcZ9kbvd1bbhTmh","1437573"
"34FKjAdVcTax2DHqV2XnbXa9J3zmyKcFuFKWbcmgxjgm","1445218"
"8pa5agK6B9JyZatTN2ao4VFFExj1KXUike9x9QkGzTH3","1452349"
"WkwLGSGfs6RU3JM2czToDn15SQuZi3HpQoUeQVjNRUJ","1468587"
"HV6JPbGsX979gLxv8Mx1snHHKTr2TVCWAKYL4EuqxAFN","1469110"
"3TNNRf5PNTmWqAS6UMkR8JcqeuWb6YZjAfgy4vBSP1fq","1474393"
"9cUJb7XRVT4RZeRetFr572pAx7z2dZ1YHY77WbH5b9aJ","1484312"
"4PVScETxxkinEu4LBHxWSBirAFQx9mwBLrM9aZWkC2uq","1500000"
"CisJJST2EVYEfnihh4yMtoXRQLiTG93bZpcv83xJaGNT","1500776"
"Ac3zmJtdmCWc1s4eBtfqEHeoS2QrNH4kuwXXVXS7XsF2","1505823"
"C3aG1bUmrE3ypWpLZ2weC3wKiS7zzEgo1KbLdwyXSxa5","1732163"
"6KFVj2czLwNQeE4yBgFau6LHUS72vqgP11Sv1JUNxghz","1525181"
"7f9c49h29MXcYb1P3x6QPmjMxaci1ceaSFU8X5macE46","1525909"
"Azg24k1vaerzNZ5kqJ6yGWPo6Ga6sUJLDJdsBYKhsBgM","1531909"
"Cq2FY4DJgMav3hZPRX4a1RZ5oUsnVtaGhcq1aghjvwX4","1532673"
"Gg9j3krjQSqfz1rd6yaK2o64LmcTE7z9MqT2XhCyx6Us","1561425"
"4BJJ4y1SV9AhzQtnajtRbZaxV5EPegkZDYHau6zC6XTq","1568453"
"G5j8TaUtGLcjDEEWD5G5GjejinZQMr99JmtrdmZv9eJS","1588493"
"BwCeX9WnQm8ZjGLZYXU1ZHLi6Pc7n4jJjxDFXeaMPcqJ","1594395"
"U1Enj8mfM6Lybeu3km6hhPyKCbi8Gj5VZTT7wQHYPaJ","1600027"
"BSaktYwcreeavcqXQTaPAwBQvMPPdFb12YrPZSR1Q8eb","1600120"
"AxVsKdwjWm7nzx9wMX5QpauDbP2fVNGJGhB5pWKUBWh1","1608047"
"7cEY8422e4658qYzNsQtCs51tH73heaF6fpY2TKQqa4g","2339442862"
"BaPKqwJpW7G1z2fG7K26GWjNPgai3TU5zF1cgNesdoYL","1611449"
"CEZW5xYv2bc28diLzpYHMesWVnxbjbXEd3y1fFdM2uAu","11623259"
"37LM12e8kAP3xoMCGrqdVf9B1TWewJuTxTQqaGd6Q7F5","3774547141"
"HzbBqxt8iDxHxWFmKk6GqeSbmzumzMEjM4twRdFPRRz","1626965"
"2W9EW5uU6nXgoQZyHh33ADAgNK7oC9uhva7iiQ7Bqund","1628003"
"HGT9AaRZZYVbbW2Z1ZtppGNjgn3aXFeDmrAURyyYZruZ","1645156"
"E2fCBGL83A9zqaG3xxhfZqndhKHXUCyTMZAVBtaL2Thw","198755847"
"UBF8B3JmhnwaL9Tbbacz74HM5AYEwZixMHU1kTuUuNt","8895971996"
"yEdCtxWeKpGvroYGT9DcRNqgxVUMHrreBdxNZsLwPgb","1696653"
"5AT7hZ2kYk1XWckXM6eGh11Pk8QQjREJ5kgSSAeDy6Ju","1709054"
"52su18XcHbrefgYZo5wqprDNXmT5oguDqQ2TJK6x5xxP","1716950"
"4RL1kuXnfQ6UkX1trqfyTRijsveCxbJmgbm1rjdc5Zpg","1729169"
"9uewv4uWbT43dqaD7GKynb3pgTpJTndoLemzNWS2Pm6r","1737108"
"6QeopTG5JtiCzrkVJ4x8h8kR82qan8qHNfxvaANEd7kq","1747819"
"JE2TuJN2tGaR9KPzYgzzNKpe2hJnWCj4PRtr3CSvQAYP","1749894"
"9WYvsHimrnEb2otnhdtL7N5QniyT5y2V7WSwbTsGKpEh","1751843"
"88Qw6NouaV9sVq6V3UarY9gzeqNUK8jeHjvBbkjGRtEV","3850418323"
"57zBmGqXx6xVxGFoN3EcEiwu8W4sbU3eYZPQSEWtUFVx","1778591"
"GcWkqNUgQq3ZL9dLAyf4HBK3nqh4NFnRHzwvERv1htp5","1780465"
"3zK5Gx5JVLHorAN8q4mAf1LQCZ2Xb871PLPFNYy8RzMQ","615067302594"
"3cD5tYVz85Tzqof9Kw8tZmHTvXXe948NT8ajNS4Gtppd","1803681"
"AyAMF3jq6Sh8ggeTdnQTem1eiusAW8N1FHVHixxNFQ9a","1806116"
"EefytGthpccbdsPUtVhDhSVz1ZvWe8DtewA3dcsxEVxF","1808464"
"GA9oXE6hdby1GBkEzVJPFgaZf5ETs9RusSJ4kYmCrzFr","1817730"
"7j4xq5i5J4urGdiyBUhDX5mArpefHdK7HTQErJ3joTma","1819066"
"DoGgChGdD4TyY4MdzhWYckUdwJCkWepUfjC7GyZdBT2j","1830223"
"J5rA95YfwZxwuXLNCFUcp2oCshSx9ThqzPkbj5VAvegW","1836303"
"ELSArBseBrHguhyC7WxCNpvKYgtvTq5bUzfjDUXNrnwo","1849342"
"4Ke7hPcFwQu5FoMXcxLGDsCFjLbmgfsNnq1Lzm3s5Bat","1854457"
"2wbcrQtwJSANnSTfV4YD5X6UFpp2Uh5sd43cFdCYz6SB","14858100"
"4WWz1QzGFwFpshSBNVmHDW8csqZnYeTSWx5gnAnbWxF5","1863019"
"CKxM9rbj9USwVtknzvytQ2vY4CzSELqT7Ra6e3XgsqgM","1880880"
"DYB8MFQYPoczYhn5KF4n11BfUtzf82nMzEu7a5RQhiac","1885376"
"7DdCtT3YYUojkCTPxjZA6aBa4hb1ii4dTBuNqvWKH1jX","1895544"
"AUvSnjZ7xjzC6SvkcA7pbAJMyb2WjyYx4kQs9ehTkmgS","1897292"
"8EqKAw224n1b9tkrY3VX67BzFckNd3WYHiFseXz3kVrv","5124342"
"CwrWGN7RXGGe4XTD4BYJKYmHjdeiKvXGQ4Si2jEQduxh","6847696396"
"CVT4ufpGQdrHcULVnn53MKoQtwMTMaadcpa7wLyJwQJt","1916174"
"2GUQ6jZyHtqwXRwhE2EApBZ2bvJCD1JnVbK6niHuuWqg","1919333"
"E81sDoZFGxWRMcPKm5wG7wneYDCPNBV29aAfPpvfP8p2","1936819"
"2Drc64gEt8WC57Ten6Z17JE79XgR8DsT8KtafbULXfCH","1938847"
"46SVtmnTB5SeBMhCCv5jiqDPTycZaZCFHe6fxtRt9rTu","1972296"
"9k222LVKm7U9BmR52GnvMiQ9qQNNQfZeAs2jbFpa1uyJ","1981175"
"4J6rGkZguPuVQcyUMjhzG6dmPfUBMhbMhPYFYizD4ioN","1984386"
"C8brcSspGbESyoaxEeVCCoUQF1V6XdgCPnkvZLdH49nb","1986332"
"APeFNqKHrsjngwXnpyeNGzDJ9n15bHzihDTLHQXyaoxe","1986468"
"7TcL88bX5BnkS31rw2WXvjqKtmMsyixaFyzofJFQvGZ","79465403"
"6hVPzbLVAjCN1SQTK1ea8xExMR2BPV55XMHVYGQtod65","1194994946"
"ES5xkxt3LSu6W694RqsCe5x12DKh1U6ipmR9uEvmgPkv","2034557"
"usdgCY3LEXS1gxmb8ccCkf3neikcYC2g1EyHwKUWMVX","2038539"
"HvnWgYdPzzkzHm9QkbD7FctbBNqrK7nfXxHERy2vi7Nk","2040386"
"TRDAPkUqf8To68UYFSD51JGT9E2S3Vg91FiJG5g39PY","2042290"
"evoxxcAvFrt8Xg6cXKV2Q5SPpnxqEv14VdmAnHmQS13","2051045"
"4ERuxQ6tiVUqv94dDcA8MXWUbQGpdL9jELQ454BCukcv","2063264"
"EbQGkpoaNUtnRvBrbaJ3HRY6n1paFU8EWMpMTdBqnthU","2094094"
"FKx68mRBZe49nhmhY47EfNJcon1kHQAR94YcXAscQApF","2096415"
"7TKmU2Nh2ucYLdDZM255fva9A1wjHjhdKmgzw2Suvctk","2114215"
"35y24PdzELMa3C8xxmMM7Y8vStEyLpbN81DHwb3SveCx","2114841"
"FHRZCo45JJHdy2yaHrj7yxz8tHhMCuPCCfhGPYPiXMVP","2177397"
"ApQwVZHKgicRx9ytnDW4mfTMAG76NQm9TBnXcJhK9oQe","2177600"
"D8q4CEUMPYYF2fRiNiVAr1KwyFf5bHXXbnVsZWzpqLNy","2183376"
"2Zw5had8sZQvvw5mkK5tgDcmEyaZq6YYmta8xrjzwTvY","2194469"
"5joMAeTpveE9z3CLKy1XiPsshEG8jhgw8e8fpkMsM4MY","2210672"
"5Uu5yRHWomhVKEbGLBacQe5uQ1bjj8pNLk7s8q1PsihB","2216785"
"HpY6Y5NEqiqpnvpLNJgj74n76kkPhmEPKRZZ4oB5MWGb","2230000"
"HfCxGu4w1vFqAj4nt52MVe4ZaugaFrZHQ5v5QxSeD1o6","2230096"
"S87Cnp4MxaMVzcTHWcrg8e9j4zN5pdbHrC4BZBuffEf","2232043"
"3J9c5bjTEAPRdSGxeRUiyiKtng33UAUg7JM12wYg41DF","2233328"
"8LRfZm6DvphxSWDRXW6EX3vUMcQCnr1rySK9ZV6FfbgC","2241059"
"74gJJyg1GDnemH5j7vPFZ68x134kNWvNkYFP6W9cSGih","2253786"
"2tuoRpJz2oHkeFBGq4SmKZoqqb5p9DANA6Dk9AgicsHv","2260862"
"2b9fCgvSUcBLMqida5VBt75b11fRJ99qKcLfprmFxgTa","2281979"
"FanzaASuErmxwNRmbb7fFgzZCWFnsasS9Bjm2rvTakoZ","6680821778"
"FKUa4rH8e5xBA7jcvH4SzTZRjrPwq818CNoybPdCtk5E","2299983"
"7gk4hmQjAvpDeHJ2HEG1DLczxC18fECNiu5ihucqioop","2314712"
"2CZnJucHpDy7utuNivyecknm5EfuUAmmztyKcHKGBxUT","1762009871"
"FWFweBj591VT3ZXe26MqGKtJdBQnzvQAqr49yZxwEdDs","2320220"
"Cu7V6BsxnHF5tZUsEqeZg39jjfS2551nFg4dwJpEBA6A","2331509"
"79suML2gkXyPUAc1uuseeXEmZ8svFJLtDzwCr6BmVL5c","2336844"
"yZ1fAYzPE8HBhqYEVhWS6N1woB1d3vLyeBr7QjjGzn1","2346195"
"4m7HBcru6chNM87Tyks9x4mcfYQhE72kgq2mYkhhrgwb","2369673"
"GVQnvdinheMRVMifQXfcjTTVAbyBwyvSzoSz3XesmZGY","2413779"
"9nKzGeDdrSjsbSmEPqT4gg14gXkF8irjuDTLFaeH4ghM","2443502"
"4gvo3k7cT4SgjF2UXGr7jxs7uNdxEXRryF27xLZUb3dK","2448404"
"9zAnys9AMF68va21d1M6ZMtQmEafPd2y237iBA9miEjg","2473656"
"6KxJATSviLPiqtDXtKDNEdWsqfo8Cr6RnXk4vNYBqDUK","2511763"
"pXMB3AroqDdTfcDvLNEKeCqpd1vAJcnhY6yTjedSPQC","2512175"
"8xqeXcivdogmUBjSLT7vJo16VU6R7ozHVPg1kjR3Ldwu","2526075"
"D9GYt4W7VvteKCSvTgyjzuiBJyTy94Kmr6YiC9fbxGjW","2560272"
"4UjaXFWv5hwLXEx9og1BVXsx25T6vRxY8f19iEJgxhD6","2569394"
"BZFnqvdShcHu4uiW9easpsdXKx8JiU9CnPuAi2jLc1WP","2587266"
"2gMDc4dDW3ZQxNhDFMJCiJWNbSS4FCGhNycvA7MSja6j","2589142"
"BMmgMuUZ8fyGhFy83WGzyPnh2yudUj1KGuUwPTX7zkit","2605989"
"7M6enq2vxZp8dLip7PmmusPWbeTy7nMokm6HFe2Qq6E2","2612042"
"8ex4tKw5Q8aWuVbike7gfaBeZ2g52gPfdRJ31skeDNYN","2620881"
"2nf3AyukRAsXnUZyHTtqRbB6tznPUugrzsJeSUepmP3K","2648682"
"6TvV7hrxsHxDxZGLZttH7ahzshuoDmc5PtJu4VLVQ3Gc","2650775"
"DK3xfuHRtES4TRTeLi249JrKej3JxusSm2H42zpN4q54","2669258"
"7UoPJewvsmk6kpZzdues9xZDTYuv6hycn6Wqu1RswoqE","2685716"
"6Zugfytb5ZDHTMKAnuBFZZC3VKJc4Fu1gBvYjEahwrv9","2698767"
"C5vVh18LU6FYWKHWkCwJqsjBFou1BtTqw6nUaWTpsr68","2733153"
"7EY1Hk7sbN1gt1gg2Rn1ShXd7L7Am2vebJovhJb5ikCa","13807360743"
"A1rPnvudyJxQJHPph8MSdzJ3wWmYSZyADoVKpncp21AA","2763830"
"GvRfmcmvroixJgkYhJNXzgZy3fH7pLpxnYgaVAjibWSS","2764890"
"2TUE6WA4aVwbGYYwGGMRqrp21qAopokHL8TsbPFB7SfF","2775576"
"887snqZ7FTPT5DXyRbqmrLYqo96PLFStSMNvNwG776Ba","2783320"
"EPLJ3CRxz887UcMPwJL9GSnYPmg42TZSBVvAJ2tzqd44","2833766"
"GaWEbG7E6zxa6CodkeJ12DKd1i8atBtP1Gfd5BxheA6","208729274361"
"E7jQMvf4pEpNY1VpG4KXJ1hkVKRBiLrGSPBpP2taEaCi","2869891"
"FbRamRRAgKi8z9Az1QnXBohabgetZsmjFJBQX2LFXmb3","2879609"
"FNctyjymGexASUYGFYCreRz1z9FPxAKVUEgQ7mo32Z9g","2879609"
"5UgzfLt865D199aKGj7NVHMXJqbUtS2txehKNSxJLeEo","2879609"
"78s3F81NLzakUetb9ctXBwF6YBaEjavuRiDHCKteec65","2879609"
"78CWo57ggYs81mvzMF1HDkp6rXrjzxFDFi2V6jMF4Xgy","2879609"
"2b6LJHmQbxDZkASiUwDMPqrboQwtEBdrnmV2xtUJmEbL","2879609"
"4kWpjEtDzZCb59FDPnW6HTWVjfCjiKF3bZ2YaeMYrTEh","2879609"
"A6pHngdEDrvxCmhjk4GWazzXNF1r68hxEWaFcAYrWdMU","2879609"
"6w4rZ3BFKqSusZAHXGfVYiWUNBatqGLCJHZ69Uc5Fzfd","2879609"
"4gGWB3WenctfirsUhmnDv3sg4WVBuX2jDmQaAZN2n5vd","2879609"
"FT9rtBQB3zh7jaUgfq1t3vEBWiCynqPZdyfScb2D9hps","2884402"
"2pnCfkia4Hp8uMJVeMfeF3Q8PJc3dGVHGEoB44eZBb4m","2884813"
"8FkaiPXzptm78J8ehhcPkQtGh6g3cDbi8y5vU4cnqXxL","2903831"
"7mtew276y9ZGaVhMczPbi49ZYHHV5pQ3QjzRZGPqUR7b","2938042"
"D9nwjDWLAZfddxFMrvLXSukT1edwRskASrqWkFWG2LHL","287883865"
"HLSk8d67JSaCzWdnErGCCz8XfnXm6pNA6FQZpXPAkBLH","2979290"
"BWyWxvKv3P8QvtYbEk3sRvY3rXp74JDbGQF6zrVM1FpP","2981638"
"7np2WYZppnm6GzJbr22GLMy9bzaB4g4vn936KH2HFRVH","9755101"
"3wfBNdxRVSZt9TkB68SdfNszpwo3chY2Nfz45nBFb1QL","3000000"
"6dZb31eSRjbULxVbo1Xkdg96H9P9Ccn33A9zn9icdwqP","3002957"
"57SDAJgSF7EVXyjpofD73mktkeG1FX6rSDXBA3e6mhxq","3003967"
"GcbR2iPbU7mgZ6PUvscUjrWErHCFgSd1faop4vLY12JA","3029647"
"4i8azJr5hJwUi9ZTt5NkEq8eDZgXCJazF28rCgceekXa","3076221"
"3KyqpjyhC8PFe5RY8kezh53J5ZF6RLhQ9E74uRjgmnbt","3092967"
"3RqWfvNnUjq7zS2RFQ9BW1fEQkeZqLrFHFBEsVtvUmbf","3108237"
"E3WHmFgeQS6dy6ZeJD1XsrFPN6tYb7WpqrL4Uv3kKCdp","13135089"
"9SeE7LXreKvRN3cWJk5hDbAY3jDezjrNaK5NH1AEqZjL","3135089"
"7JX4qUoYyMRafqpFYP5ewVZbXtQGVDAeegJ2TZjuwxkX","3145094"
"H1E99ouXHnfNLnEdSeiaRbp5ZNjTxqah5zFnGD2kGXEZ","3151327"
"6c8FaFkrZ4odZXRNTdmDKjbaubajvrMEHRPH31fTB1eb","3174719"
"D38atg4btWccDbMbsD74zesrdSCRAFp8EuwCxU22QjJU","3214116"
"7crVnEZP6AoByUv1ZLcVJKBWzkDus1dZR88spzFSRica","294446621"
"GNFGZdCs9TSsBU37MdzppSw1NrAJoZEbznhWDPVcwoUa","7986584362568"
"FvrpUXWq6hZdgDRedZSmTbukt5Mk6m3nQFQgEn9rGP6n","3332698"
"ANkkPGcW2XroEsyNtyHneNoWDfA1Wjcr32ni6fTKH3YK","3334272"
"F66hPhFnvsNyAcWRtLXdD6PSQYRxFzNNyTtM1KHj4TFM","3344162"
"6t9bGea4zZBHCwmoQRTgvjb9TfZea9NcF17i66pGqKUS","290795428"
"F77cHHNEKjHzoUsdcr28LrmUCceGQjHpRbhNBwkXqzCp","3395991"
"7omz1dyFt1d4Cgn87x7M27Urn6gRXT1nEEZMcEycZWRn","3397377"
"94GcfDoqkXCHUTJvN2ScfNtwm7oxvK3McnRPXgQvM2YS","3401411"
"Bx7fMeFfR1U6G3ygHkr3thuv9xwot8dmcZ2TQdr5kjZF","3446794"
"D3qtNEJpeBosjdLhFREucoGti5H3ZjvbG66FynT92st2","996833562"
"CEqo6cJV8wkquSK4jpfyVPfGKHznT6ntszdy2Ww8u9kc","3487340"
"FX75jBGjwikc5kuDD44GdCi89hguegMNQgjVnTw8gsJE","3500286"
"7rzd4igrUFGyqThmjWGQGNwbN9915WoaTjHtFg3e5YPB","3501887"
"6MwRxrg6JBkArubUVHco8rCetRJA5xhoPQz3UjMf8dP4","3510140"
"AjV9M8VqFC7ubBfyCzMGQcgAry4b7efeYGncxjTZd36F","196335246827"
"6JHNuP8ESbkaL9QwvQ235p3HNsHhrVTZhbxNKzz3Dked","83726969"
"8C8qDXriNXsodGaeuCYrhULKTxhgqbc5iTqpzUHA51s4","3592108"
"FDim9fJX2scVhgbzzKyeomh7VrED4A9Yn6igrHYx7Dmm","3598897"
"fZC5MYfVrsKEjs1ydtndWpTtReW6JzV4gMEkQPHnLim","3606626"
"C16wnhF6nfAg8VEudBm4A9eyan3pJD6NUGmxN8YmwY27","3692126"
"J5pxU9bQ5tHm4S1ayjQpycn8XifyGgQ6pF9dJ2KeqqKt","3708313"
"HwPyNgCknubxEAmoCgWgPwirsNSo5wwvnU7w6URPrFn8","3718404"
"AqcpPuxGoCSv1S2D2jtkuYybG5g2vRUBXjaH8qDEaRfS","3735896"
"ChJaUaPDNm9SyL16c3TFtzxfTaS1ziwDFDbsfjHd3D4T","3791911"
"3cEbd5QAoVNkXmaysuvaVSD87CDQdPKWNV5a71pyWM1r","3819272"
"CtrbchDPxK6g641T7S5viS7iU1zknSzHEDkki5oyU1aM","3902753"
"D2SANPpKX32cGpTYWRdZWNt2zesr25za9YMXuaPdMV2m","3919930"
"3Wtk1vsc2cChrUXGqpVtVYYKEAkNnsNvkbJcYpbfNhQQ","3961055"
"2U1uGGQWT9HKpG18G8JZkuRSm5Kfq7ZxhWV53a2S2aKH","3965618"
"69ohBtdgJTSMmxDSFsULEU78Vk2He9qqJLDniPBnVPUV","3973189"
"3J3BUX4EhFxbknzJEEiYWYKNqgKo5zohu7jcyNzzdiiv","3994024"
"BSgGvBcgqckcxCZgssRcZ179knQanw4AoyJPnVy1Vuax","19072284"
"8NiGomVBAa5zf1ekAmnS8tPgaPKmpWAvb13midVHnGCt","19071961"
"BA5Ue5SRiEGwcTQNnwGhPzgeDDJNqFWLgHnDJzGnQKRm","4000000"
"GmkNPt48mznV2pyfHp8x7Cckgji7pRXBN7gxDiXLqkfZ","4075920"
"6gMUrVx28Lrbb37KN7xXr7LnvjEez7xwbrDqZEHfjjvL","4083686"
"BEochrdGhm5pcKVF73DURYrGo1DLzxq6bBcUBphQR64d","4089763"
"EHG857b4Xyo8zvhVL6r4Scy71MxvW8i5QXhx5DtABFUn","4098191"
"5JVQMBpfX6uv3m3U6kfVrKnRTY2bEEMvPppPMvNcR9Va","149206061"
"53BecTw58nJWMbarMwcVS7DKokPWsnzRrhRzizUERmqz","4120966"
"3Kx1JTTxAT9drHqZrwbCSRD8GhYhGnM6ZW4U7yFs9yAx","4122998"
"ECdiUPNgvG31LeN4YEhp4RVL8UQGMuCpHwvuajYctG5t","4125852"
"CQvdwc69vw5VStMQHNCzKRUo8rS5iaxEXjCjcegpnySG","4154406"
"9xe7r8uU5hArUtQuoKpUs9SWhadS2Ws2w1AStSSTutQu","4207073"
"BcUSd3TwTf3uAT7rUcoMpWXyxMPV591jiLuLYVZFBRHw","4237917"
"2rbMgYvzAb3xDk6vXrzKkY3VwsmyDZsJTkvB3JJYsRzA","4249534"
"3vmqRa9QiG2GoZpTg12UKek3jaRBfKygntdJyrfJy9z4","4261103"
"EHswpo5wffxXsCQZmzieANReAk54BiHiqAQNNMkokx3Z","4273959"
"We3sb6i4zfxqDpqHkFuWCMuJPe5ruHV6kTwM753GYz1","4286221"
"4jFTRzw8Z5V7KooRqi5WzFTM4a5U6LAGfW5dxee4vyd1","4292568"
"2NdZVdSHQygXrv6rCah5QxriwCkRziGHxajW8K1CSiwh","4320343"
"GDwSo2fxMe5iMDkExQPwX8wVgm26ubPuMQjnid9UpXrg","4339738"
"4puEbK3gWr2ZtbvzHQaerhRUKSBZqhcq1gdfhEZbuMcf","4343764"
"CDSjSQPxJDDQpsJbGSoLXQebabXEosiUio2mmCbW8Vdf","4366294"
"7S6waLkjG5K9EioJE861HA2XFr5FBesAPnvYqMVsUc7h","4382371"
"G9rhkC2JEymjaY7gWvKEZk2RVgLpUEPZX8Uf8ediyekR","4397361"
"FtkTqot9Mrdo1rceGZBkxS6VwDXMX1F3j3g8Q8h6uAXy","4407074"
"6LD3XC1ZHnoPoDmSHtYNE2UP29SrYs3bfdAcj7Rburnu","10159457"
"6i9GURfhBfaUjoNJ9Roux3XZ9ogJdagNNhjwt8ciX6Nt","4432451"
"AbGg3be1mM5Y2cc9xif7DktLJx6juuCS3ARoy1Nb31a7","4436861"
"Cx7vzkZ64qDTiZenqwvwQGHsDrPgHuAwvgRVhZ5pevN9","4456019"
"9hMq9E6NqKr3u2WkLUqT9scmvuG9Xw7NmCsHpbN5Ca4X","12940094490"
"D5fin7DR19bUMuJq7SMEG1hfBsJYDAo9WHbMDJJ5JNov","4476269"
"CaNnapvEyYkvuva1KX6Regm2Ervwfm7SHPLcgN14TDt2","4545987"
"6EAMCF4RhjFFknDVajd4UfyU1omQSgugnRLcJg5nA9Mv","194599031227"
"BpXa75a3L29AChgfXNMcgRxGn7vCuN6ntVM8fkHMMamj","4564512"
"65vHTCtKbuVDUQDshzLQ2PH4YRHVUXuEHyMidWqH3u5t","4612068"
"GgsB8bfb1eVNE4dYarcUSk1EKnTEMwSLrAB2zAfYwokt","4659708"
"E1EeQD9ckB7B9vZGdN9pnjFVR65B9Z6Wi9hBTJkDPF3s","4684998"
"8KfFB5QUzKnrDqYjopFnAL9CNMnucyr65bvqjd6SAcPb","4693966"
"7C5Qi3NUriLQU9yuyKaGDrRzFr2a2KLGVfKZa7RiufFJ","4694713"
"3fbo4M1xbX6Hb3WLN4wX3R8mUj7N4BFPbR6VbmUr2QHC","4711154"
"73a2yN8Qd4dN8g9RJBeHCUywMdXaKoh7LRuF7Gj9dL8Z","4817154"
"6ZL9TkPtv8AjvM5ht5i5Z8cMhnU2tBnYc9CyvM5HRsNf","4852134"
"H7aMKHVRcGtbyjBMCuqB5L3YWhgQxqknzduu5qv29vvR","8645755"
"3k2e3RiKHpLHw4CQmCvQj5Z133V4Jxqm7FZVvaAHktsw","8712643"
"2JdSCZ84NKANKCLt5aUq9AbizoBBAshsKwMfojmDPb6T","4857019"
"Gyk7VgivMSnTGY9YfRjxiyKRRAjitpVzwVFhfqqmyCqG","8646190"
"A7DzMRS6xFvh6ojgGbukvn1EyqhhuWuBUtY7eiaAR82z","8714394"
"18ep6o987Q9tUM6MgsvekgGyRcDRcrjZXKEnqUuwDmP","8713663"
"CM8XejdEH6RHycJKGxGhnKtscekzpqifeKvcPypSs9Hk","8704075"
"73j3fPtYNReenQQbDq19T5pNYhV5P2f2GqQQ6r8M89yY","8715823"
"BRFWPgHLaXJpKe1NHcs8c3DP7SVrgqrxGzpm3vVPT5sN","8715301"
"FLxgj2K7ZexgthVcgrConV14FYqzS5XkX818HXJ1bxXz","8717865"
"CmEJHt7nhcXzftRYfXEikkCVpurYocsNRxo7tvTKMuJm","8717866"
"CZ2DPmsr4JvqtQdK9WtWBRdCKKTmJ4K9S9dB39EYEPex","8715245"
"DNzP3PUXa1cckKGnPzf8jNGRWuGrAsU1sMpVP4SUbCXa","8723897"
"z3A3LxAVTpiq43E4HSKbtHrioE3GPUQqS997vXkbKLW","8715451"
"2a2jgT25skskUtUB3Mmc5egkboJmAo6JRzdJMWqjnAm6","8708772"
"F7EuiZwNWhEafU4QUdcz79uvhh9s6d3fvUbD6Enk6JBr","8724304"
"51kmVwqDXZ3nwiYXzexBmceSqoDWGymYfA8JhYDJvaDZ","8717955"
"HSQE5rFaV43L9tMjReJtyyaq7WDKMuc1r2NZbNyjvjXX","4882737"
"AQZC1ctW9woxRmcPTmM4ekgkhTxyR7xCmm54495ABeff","8697172"
"5bvM6qX6H7Te57uuR8qXHZyqDcinL8RcEcsLoKqhPDw3","4883583"
"GQRmEf3HNAqffjP4TAhc8v2941TuoAknZVi29dfbNfXP","8717515"
"3i3AJKfi2T5dKP4HDWjKC8o4qHnAVrmz4YvjudpfYGoe","8717908"
"igWqH5ArDyxjfheo7cfpJ4wVYy1sJ2dAR7PcWqNMtCg","8721438"
"ERf8TvqcrXcKcfBnr47uBT3SLYECnUM1yEQ3kunCLCmu","8723176"
"48fNHga7DuMTUG1cdzipBbSYsjTf3LL2HHnwXDSwfr14","8722256"
"GptfeNQYSgMWkSzZRM1AhPFhY4v8aU5jCAj6Kydr28Lm","8656013"
"HQqSRTjH6TWQktogE6qXqqFZNe7oXAWA248SZdsoAXWU","8699730"
"4ynzppcYMXUfFKxnEuNxd5DoNLJVQHZRMXanWWtrK9xe","4905960"
"12ufHPq6p481DHzfdUZcD44Niv6DZZDruHzTg4SAnycb","8723285"
"66Mw6uBxkrz4S4BVJsqr4uv5UJp8q8u5J5GstGx1vcey","8714961"
"55XZsd4i8e76QQPYveqErh7JHR9BTpt2JLNowCr6e3uY","8699526"
"5HVAJw4f7HfFiytPGfJvPMQJwPNrrRMrr1sy83TgSErp","8723858"
"33eUmLzU4WS6MssaNdAA9GVHoE867VVWqiBgUvbG3YjY","8725219"
"HK1MQw5ujcg9zmGmx7NbJJEBQfFnFq52SP3XHyuCMioH","8724505"
"6Fh4FJW8gymSxBqegNDh7FAhCYFDmv8iatG26ocf1dBb","8725317"
"z8q2vMHD7sm4sQCGuFetGEphEozj2AiMLX8qyk71oD9","8659740"
"HVKSjiUWjpcK5vaq3c1YvUNN3PBX5NT2HqDAEERG5S2G","8732239"
"8XePsMd7eYFSkF7MHKbAEY1FxPug9EzmTgJHzyuoyZZq","8702869"
"4pVy9dcNvptHirR1rDXabRnjPeY5bcDJP2R1i3VuAFjS","8717437"
"8fJ1uyaomiuvaKEx4bTqC6uWy3dzGq2GX9G4jSoTgzb","8705321"
"3K7vhnnkbQhhXr8NqRvF46wgn6VT8jYbF6GTeW6q9pFz","8702695"
"7HKRrAQwY2yYqf9cQUhni8cRdkBsuFr2BWBtYrQddok5","4927534"
"LMhVW9gBHEEaQfWTyb3dztK9gr1xxtixFiNhuhP3by2","8741095"
"9MV13thyH9kqwFLaawavFEMiWi7UWvvacHLyoBtJwjBc","8704753"
"4NFSoGwPRrBF48i6srJy6w3w81cvNbRmyVkLRRqKsXA6","4931766"
"8VBEhuVJSpKkY3t3ipiEcXSWhm7iptMPYzsLzr87WqQN","8727545"
"7bV7C36GkhMUS2Tv7NmchQQw8822FMvPLUT8UeqX6qLP","8720570"
"DbWNqo5J2BxkGMXymTVAdMxnntK2ZveLrZmTvssJCp5x","8728562"
"4LQgFPtbBmy4tUxGwWqNsCcGN4QszQ1SLY5pbaYtCzhP","8665414"
"Bk5W6WfjYUcoGuwwTjEDYGt18LKQELLbrggMsE6nxDgE","8667481"
"XDSuZpC9djaQUcDaBM84hEJUzdetf8F6UhdrBnLLR21","4954953"
"AivEGxSCgXVFt9UhUZKhZYQwqnHEzcUm7GK1LY2V4VXi","8734205"
"AxFsmqvPdTaF6KoCcrKS52Sh1h1GEWGU2eJobAXCNy3F","8731424"
"HunbnHfPS53jeJwaxyyzS75ST3cB1MYdEpCmdVywwdZJ","8733290"
"2fKci11boM38bv51Af3bjjvVhtwUXFX9emVb8i9sW6br","8709791"
"Dsryq6LAyGSvNtTPnaPVFys96jv2JiEzWAFg2iTYCkhc","8740769"
"5mh24HQth4UJjhAY9xS8iKrGcYTPjyqBEY9BpJjhxZTz","8733452"
"6nrg3B11gzaAPpb61f7ah31LDWXTeDwguD3NbA3f21Nh","8732659"
"J6Qz3PrvrHSn6CCaLA7Mhvot9Hrh6xACSynsSh4VPw1d","4962226"
"J4doZFAL1fgoHWCzSFpJc4hWVkWPya8o2yqLPYzvmqEZ","8748114"
"2LNsEzgg8YdKdjaswWqwfevq2qgULmL7hbXUbtvJczhP","8713237"
"3hQ1kGF7cG5GYZKQppjhPtcoQ9Fpem5ifvUZq3QV7XET","8712288"
"Be5oBjUUhJ4a3pSzqcpU3gM2z6gDFzFcPMvBYLwLJACq","8736248"
"5zVUMcrTN8M9ZoY1RHohahcRZRNAMQpk3S9qKJBGNbYn","8734094"
"5Ghj46vwoQfKUXfWXJ5kpSoVyZkGm5Qq8rUuhasQSANi","8714074"
"ghW9gCPje2ADFLf21hzx6nk4idkRSFw7QgdXfAtbfLK","8712122"
"DYrSfypWWz7NTKfpu3D9c3TohZUiKeWF8DARp3evkdAM","8715346"
"CixrJpkeEk2aCoaxbRDmsSZM1wRDPBDFddM2stkKpAyD","8727958"
"FdTHxc2s2q5cdQXxkwgRKWWB38djtgEpUB5RNKsWGma4","8734913"
"3L4yzoehLhkduUXpzdLRcEtKACdRHD7mUaugFnuRwqye","8671960"
"7Nh9yiXbehiEgMyemSrYbjDv9M8rNAJs2dysiDC5qx8c","8728579"
"AgGj1SbMcMbtnqJ7a226hjMp2SpVfA7iqRKXxkcG3akq","8743599"
"CSpDxrZCLetT1SM9j44kAyc8GYf1vYdXZ8DMH32KivNM","8716599"
"BQZ6WgQKtMsnDimcapSKgwDxPjKqHDYbuFtpJ3Mpb2jx","8737379"
"2jYNupQjr96e682XFYohRtvumVt8Y562dTMoxEwWTn6y","8729291"
"3rL3tXqoQfKEve5hpoSmNpa5mLk17eQbEUaDoBeXdawn","8737994"
"Efg6mBA8jSY6WMvoaC35xL8RW3rm96sN3hpYvrT1hJo3","8737165"
"D4avhNBLQGMmUaGhRq5k1YKUVbTYv2JhYqmRLcbDSWWR","8737166"
"CLM7NT3dMTboEs2SZB7aXkvQgk2Kk8jKdSyPk5km4DTH","8731354"
"2iUXcsCLaQi8TKuY5X5sWJcJQ1b6TRsRhDy7SZGE9scB","8741149"
"CPqXu8Q6f7Zj878B2Em95LK3S47zhqX61NJuHxoTtmPD","8746849"
"2XZJx51gk93rG9drP6gEYx6U6hHRAN9HUTeYcfF8j6PS","8742153"
"BW8LMPiVDQHEgWVUL6u5ALj9txQbFnMHVrSFDknga38x","8739827"
"DHyLVVYKPv1JJMQWxL3rA6RYF5MzUPdaCpBR2XSL8z2Q","5000000"
"GtrtQJasiTkHAmgDeqxqDg5pnT24trH24UNrfP26xUWY","5000000"
"E3VE6woBfwgBEqt6WbRn5JsBXKdUJ7eE4uv1ewGGPeZ2","8721612"
"HgUDhE9g1FF68SXxcxxxeiE3KgJGcKKAUzVwojUZfcC1","8719036"
"3LWYNhfmRpGi132uw3LthgZcb6JPBEzaNWG5vGgn7tmU","5002697"
"Bzu8hwQ6YKbr63wFRkhCpVQsAfg68RcuTFyxVxti3ZHt","8722239"
"3ipyEor8JTyjUhpCDNKR7nHi8DWj85YsYbezWAKNzr7s","8741469"
"FCFVcieauosGaJdkMSwzRbvRtvi5rwvkA6ydZCWdv1Ej","8734973"
"G5b7gLGaXgHx27oeudeP5J2BSby643rPvXL4DQ9Qhwuy","8724106"
"JC4WynoMLSUBGhy1H554AyesVzQpejA2gtgxC6t7sh6V","8746663"
"5Fb7R8YaXoDgcq5wkFjNUBA3QYUk8RaghAZTFM5KQ4Am","8745778"
"d1bGwQG17n5ie7oSPNDmweq2SSgvNh2ZXruN5SFDrGb","8747072"
"JE1g7SpRmnFy99EcKoHAQigGnWpQK7cMqRheRGf7x3JT","8738272"
"6CcJHbVcpqDaSNij3YU3wR9WCw2YFAXPrAPrqYfhKmpZ","5022971"
"5tbCRS3BNq2shs2tDFAonX3YJFqEGvz1E1BUtNzZW89q","8726834"
"9cbj1Vxn1ashCPAXEFpE2nwp5T6wFo95P1tH3ek4REQb","8746385"
"DYeS46h5xDJoP4xrv75DeNqbhHXLUEo98DYCUksuQJMZ","8749523"
"5cpeh3RFtYVzCsfUChPgg7vUsbikZzozXyYLBHqy2g5y","8747605"
"FUGmgUYMcXyGevjwzQ4P9XVdoQMR8VrV4HPFkho3PidY","8726285"
"Cz5gsVm8YoDEq42EL15cPoLbNEzQtXPVMZtx49Bhi9mP","8756307"
"3jm1rQXDu4bfyz85rv39mSJ9XGyJ9SNotW36fXcJcZzg","8762625"
"Niyr6RiJqWVmxsK11ZT6JDpXeGN3ySvacqppPRyH6jU","8727332"
"Er4BXc4qKqLzjah7P8ENJgNSBUUdVWjQfcBEc8s5wfyA","8756396"
"HLsjaU9asW53ZQjYmZQPjD7fxBULGGLT6aHewzpdct83","8748435"
"2iqf1Q899yJ6DV2QHzjxmbtbiTabWGNyEuBRy8HJm8Ec","8728378"
"GnDaRxEYvG353vQ2g5tW359B9uGAEvPFeV6EM8kgGNJs","8757614"
"mewT1yKkkEGWJxeHUVvDJwU9bNCx39ouePjgmzoVwvA","5046176"
"4MFDr4eRVsRFLiEvEFNTJHvXc3FrDHmDYhzNRvS9wPzg","8750073"
"Huqu3eTxQRtWiRHRm45EEcKLYpwbZwN3uQdDxjkWmnQM","8750879"
"342h8esTtoPPDWVgvJyP2fhCUDoXDkbLQ5A3cfwFtFtc","8753200"
"ErP5oKim8XKS2q2tMHH1MUJTK8s2TUoGth2LtQu2DhRJ","8751290"
"DBKTvixTd57VwkZJe7JZEmTqDoj3E9EqMCr4zTbFoym","5049760"
"XGxeLFMsNprZJDwvEZUA3LdQr4tEn77vM3PxrLbT4XG","8750688"
"Gx2xsSQbw4vSK5YfJkgxEAhEv6jsY1D4zi7MjbhcstGX","8733100"
"4pPA5gEEpTX6zYNfXMxDWV5fDwpPoLXCsi9eeMo1odfB","8753745"
"JAi4YqBsmr3mwfSrBwXjxQMYVqaBm9YadbQwCtfmvRqd","8753131"
"VRxPBVgyiv1s9hBwBQfYN3o96tQGJ9Gva85NK6Yk372","8754352"
"7zF9zHTrpxkNtJ6wGAihzkSoYhqkYojBh7K5CH7EhPm6","8745905"
"B3GmfusVLfDotASTRKvYND9AjPPz8SmJaqf4GTPie4oa","5063975"
"3c8SszNhz4JhQUpUpitsB6uW6YuZKJCE1CFCibVmpF8a","8768480"
"H4fDTwViXu3NzzuzhdYPtuHTsvY9TLB27bYUpXThboUw","8754359"
"EmtwRmMobjcr33ghtXj6uxkFkURaxJ6dC9kdDez4w4Cs","8732419"
"AtnmrhxkZqjRCc8nH9FB3CbfzG6sJqvQpR1KQxnQuAVE","8747972"
"14poEBtgRVB5b3bdGTtwX38TinVuWwAQdDmUfCPMyV86","8756397"
"FEzsnLNuU4zK31JcyCN24BEPBYLjJu8AaUgJNjNntMjf","8756704"
"7vch3NuQZCtuxPbdkyy22EXSrmew9gpiX3GJ4MspuveB","8754785"
"3QDU8UicucTrCGm9ZbsHuhMQMTezcA8psjfhsMVezU9v","8755406"
"44EjYNziCxvRrEycc41WwWGTeWLbaHY5QjdjWdLbMzit","8693564"
"6u2QVkSKBFu3dr4ZqAm637uS6s4CeHcAspSyUnQiX6Xw","8749002"
"3Ley2YLEM2VeKjygRq9YJGPLD6hKeowUwrogCG2CTNHk","8756424"
"344J29wz2qJUvuddFFbzqdS7iWDV8hAqSm8aXFvNZS1r","8756628"
"2Q5va7WFDhsPn131PpNib7n8SGRzohrSKZhLp7Gfdmaj","8757448"
"4Lc4ZPDoNs5wAQphy57nnLWQ5CnY7CSXW92h9VhTCTBU","8757449"
"78nDWwNhvPX195cp45roWuwRhLfd4cxwtYd4saWYsRFC","8758249"
"C96ZwX3LRLEgrwfyHFrycVDNnQPMKmKvpxoRPQ8Pwf3M","8751065"
"HtXTnsV5LwZJUeCCbVU5RDHywfzRxLcPy9uQLQknjWoa","8757858"
"9YroEstXVMFYGPoUqSVQnqYBjp7RqnKHecMcj1L6dMo8","8736400"
"BXSMEzoXHpeeyroyApmwBewPqHUmtWJVFpZTtWxVnoEE","8739160"
"9cD8CUWaagtjfwDiVSxeLaNBzPFiVN2WxePVd7DxUwyM","8738869"
"JBoaeiiRUNh3xHH6kB58meH6DEoVEyEP6Guq95Lv7kMn","8759497"
"9ymy7cmSrjpuXuMmGMJP15HJt15beGRLEzEtbPNv6wEo","5166413"
"CamaoEE51ftJaC61WkUxSDfBMoWshGL33c3eQzewDsLM","194232225044"
"Bxegniq8US132DFXKiHxEipWdWdDGtCTpUd1rk4iHZ46","14958480618"
"4StSjs1gjmgcVF8tgzfwyFZRcf3cpWbtAtvvFWJxraTm","5246288"
"6iqpnN41u5HHxV7SADJJWFkJVt7bWAdX9iVRba3njHcf","49334026394"
"DoSn2cKE82eYDkg2d96WjKN1Tv9ukVYeKJz2fC5JBHS6","5397438"
"E7bEYsnkbX1euzFVH4iSWKMMMEDYhXbzS5W9Wdkmiu4R","5426170"
"AFjxBrLBLagiu8DpBvCKRtBv2x3oWeRGR1HvyNNXnH1H","5505539"
"DTP5dVxXyRwxPbkEH1jouz3MJZPtMdGFVQaaJkb6oxP5","191659236940"
"8f37s9kRuE8YYykZfxGEjtfLyp8sQXVKm43WJ1cpF2z3","5540407"
"2pUw6nGb1J4cz5hgn8gneHbVGNmKRNLDbAiirWbQsLLg","5555122"
"9KVMpASYhxpn7U175Y1a9vMTDGWeaQjsE7oCXdE1AgAN","5580573"
"64n8gGg7aqFnbwMrokuzsqWtbWsh5zhnXzAZVfEUHtPk","5642376"
"taVMsgQchk8QL4ias15Qrcoo4M75gWmKEc5jvzv6WSh","5675609"
"AYtjhZxyQeXc35tKGUwAeyPNjSKAnnvG5cPqRR3JBUP1","5683178"
"7HoREGTbp8DVLD77JiPoxj7EAqe539XCFL69QvpAnA6z","5697905"
"ppTeamTpw1cbC8ybJpppbnoL7xXD9froJNFb5uvoPvb","5716177"
"HW9CMf7WpEUgV5s2qqyrxPqDA9VdvkzHkdP2W84qfo1m","595799406"
"DUmJ5yKiNJ7Q9GtN2cmd95no4opuiNHKzTBHTdGvaSPC","201793085873"
"5W8ZVfCdU28QB5rHh7KZm2P6Cb1QqMR5NsxRbMrdvSQr","5897970"
"dSfJXSWLZDK6XuZEWzMhLCJ9PQQ2LnWEByiCP7EVjVh","5975194"
"GapKqefWtpzNaMPMB6BWXt5Ad9E99RX2muyVLoK8hJt8","5975968"
"6b2hqZ7rBTfgnUKzrvo8byd7gBQx28kDL6B4KnCLsL2v","6144333"
"ZQbZ8PYLkwCV3vb7BsQsPrLy1HpytvFFLf7Jv1heq3M","6175201"
"J38RQv4tPRYa2d1dLpeNduYyApAQ1MiTuXtQtnaVnStN","6228843"
"9o6N4eSmvMNWVs7qRCU1x3SqiXeHVk6TCYGV32HhQESx","6259949"
"3DQHnPTzKxRL6qQjGhbuXpHo7nuy6mFg6fF5JCcu7Hjm","6292725"
"Eu1E5gZ3d6DThCKqde5MxQrJnchT8iDdmuDN53zCUW1","6296477"
"HPqJfzZp95b9gMUVE546kAMqLH9ZDmhsRnB8Z8XowZy2","6307010"
"GyA47SwhvLHg4Ad1UXJ6thbctGELRCqKa2W2ZZ1tqc1y","6307197"
"DCXXP2UZyfxDyZQ1TVTERH5jdSmGcdoZ4Fjv1gFNUbHd","6434914"
"4EYLrWqEvYbhyoQL4cKvPLKknfrNn1MqowQUvWsCacto","6514290"
"ArijT83ha8aSgB6s5XoaKmWH7tnkiRD9gpG1RZRbcD1E","6561043"
"GZBBgxsmknM4EqQNPu7Nuur1fLD98WorbX3GLiaeGVVj","6592917"
"CPNexvMuGUrHrq9u4LheLfhfsoqLMqLDeFvrvY42zxbq","6626141"
"Cp3FEdjuPpnuY4HBjrDyUQRYSmjfUnLJ4MeQh8Hg1fkR","6628928"
"2xD7wut723gDQQ7DFBfQnpAkaxUe6FsEskC2mes2tj9c","6630843"
"5tFct6Cz8LNY6cU1mFfyGfNczAMKEAeyvdEkynFeL5m9","6680592"
"H2K319cYVLrmpJpux9zkp5EhSkRu5N1mqjKsHUbDDB7V","66909626"
"G5huvGua2bZaTdNYiTMRRFHNUS1QBMMuHPVPGSEEDKHv","6722006"
"5itspMRkuqB9NXy6Gof6sTy92DFvVeauUeuP6HwFxaVL","6769676"
"E8rLdzbwz4bkFVWh4Tn4km6s1MCMZLPfPeDuD7CjDHw","6862303"
"7cvs8Kfug4xGir1cfAz8Y3zNJ4hFZUJ4RT1ytCdzeLZ6","6901806"
"CsGtxpRmqtxJ3azRyBnjLKn2EPRhiqRhHYqZ5HBTsAHG","6907699"
"Cw93FEVnSzubZPJ7i8xvV9jENXNvbD3nVUhgTjCyqcQQ","6918098"
"Dn6CkP48RUSSXRxfyiHDakRVxjd7q94gEwNL24N4Y55Q","6969754"
"HgQaYgKD5y9sYX2x6EErwenDSFKCyqMAXxBTuqz9zWm4","7016711"
"EQpqyciVyydRV54pqTNLEb3DMXroXwKi5eyChGr84xoW","7035337"
"Dv3odmp1kSq4Bht6KtKfGrt6w48DSsqTG5djqBxHDdas","7066662"
"Eh5JgsJRAx7AzRcTbjq1oNPi3s1tC5BbNcuRrREG9Ert","7070925"
"C2K35KTPSwfrSxLWv7aFME1CyYMAjEUccPHcmo6a4QXP","7080306"
"7oUF6DV9sw1phjA7LBrSJMy5mFMvADwWRD7s1TsBC61M","7117497"
"AHe4WBALmHuMvbXeLgW3SDpcdvYNy9Rgi6HvAeaZTwDW","7134991"
"7RfQwgB3vUeaCzGNkSCCJ5p85cnBLb8dnHUmJtU8nXQi","7191122"
"6Fevt8nPLezYppP94xSuib4it2VaBS1YLsQPxoSkBX5t","7194219"
"J62iR87F4Ntmo4ya66jac2pgh16Pbw2yTXe8HG7Grktj","7214311"
"BYyyoDn3LB6dNcc7MZmiyqoPmptccVjdW6jHD5j7M91W","18155230001"
"8TbeRWTskD1ivGcMzumDAxUcxxS7E8S1CgCjXJgKuniQ","10007262517"
"6imxdjaNVK94ncNmn2bfNAeUk8Gh1GS48yyg7PEkaNDr","7266114"
"7fPTuCSiKhA3pKFkasbfVmd3Gdyjz5w53nedkXFufezQ","7323628"
"AVvNgRqhfCiHkKuddMYNsBDcVtAWYbL5F5CkpgZSd5ou","7325899"
"BGpeSt9DMZNc6vakQM3WFdH8pCvmwAN5TJH1SghReU6J","7373039"
"F2fiRCfmg9umPAD7bT4WA8ug7YmZJbW6tXP31xsv2HyX","7468270"
"2ZCU3DPezniYQnQm98SNHn8XFrF8EWnpdSjLnLrmWNJK","7582150"
"3gpWNDxdztMriv3KZpfMs9ZhJGCuGa8yHee2sW8UagwM","7582305"
"5tBazXiW1JeLMCC4wjfdpwm8qhg5xKoSmnp3QEUc7ggr","7593532"
"G9zREdGE6vrV23K5AknwSmzNhoEwCxJh6oQ57j7DUF9i","7618858"
"HBBT8LNt7uFMaTewKzJfwPedB1tUs66zkmWWg4oa6Qpo","7662784"
"ANaDMTJE3wfezmS2F8JzK2uhUYqDLsXtC6f6E7ij4FrN","7752559"
"CszzNimP36fv3wxPHEyYSvanrQBZjHbqzTrnFQTuYtPe","7763507"
"HBdJBM222rtPpjzHWBy5oEL4FmShWqHKZjTFF4MAD1Qf","7792267"
"EBfzmLqMsZq3tNVgreLABaThdfFeAJqufmZh7fZo4E18","7864974"
"5TPwzvbjPnQHxyMxaPNn8FPb1uw7XVes3Nsq6CiEpQhK","7878399"
"GnBcPTGoUFfSQZYHk4mkdAnyUsow8fAZmQUBYFtucW7k","7917269"
"CXRRs7NrU8xH6od8DfbomJBZueRTj5VNrdx7cZohC1aQ","7935305"
"G3M2y4xeGR841kY49KBzXLkMyfp5v2qrTesYcKhHQGaB","7992315"
"EYoGNa3D2MLJHvsg2RqAHoarLxiX2wyYewPtzATnhyLP","8025159"
"GLFGivVodtksGBqDoXNJwQvs3nfmS6n5mJ5ojPD86Crc","8122982"
"5LQCE4adGSncLPqRjuzJm5JoqXFxME8JD2LN4W9scyYj","8177955"
"DF6JdoZCV5Kt5hdyebgGS5VyxdT8zmEdBAW1YfH2RFJq","8204532"
"7fZwXQbzZ4aHVGds6rPxnQJBFNNPRvNVEkN9N714Xfcj","8276745"
"EtYquUYWLhsD4uMmWeyxqC5Wv1wvNPsrLWdJaLtGNZ2g","8403567"
"H679N41S4fkobrXDCUBdeGmK8LEH6DXjtQDG3ADonsxd","8430725"
"bW6v9d2G9VQp41Ttt3imMgUCQgmRTkTLgLBzADsazsW","8538330"
"59uYe3EcdCqVYe2fLQKupfvoptKsCitRgZGRVh1qmTVR","8558089"
"4EWqcx3aNZmMetCnxwLYwyNjan6XLGp3Ca2W316vrSjv","8600000"
"AtEGwMVkFk7CQ4rP8y87nDu5eLdg7W7Gt9TyczdQa4Mv","8608613"
"B5nuV8So4q9i9vi95dxaNLihEv6KgU7b6HKsUYxjbfGC","8612468"
"BMJyc2GqQya7f5vo5aDcv8k83kKgejWEBwbybRibPp5z","8574164298"
"7MXYUAkY72kE2DPLSHZSs4ukpeFcpsvFAhhptQk9hJvL","8701343"
"3g31G8V7Wccjc9xhtjCX1Xar9HZEWwaa9hT7q9BcLna6","8716849"
"3m3dGbP2GXWfVeQqZWAeUdx9muteBCxhXHfQwSuvax28","8721616"
"6PBqvv3c3s21ttGDyQuJBdSwyXukYYbZfdzn7b29Nx2C","8732494"
"trTPmB5mziP3QeBUKpcFAEvnJFwf1HqNSUU3WoTboUe","8739221"
"93B42HHmgt4VZFSs7GwgY4figwZB9Jj2KA4y91ontrNE","8772176"
"5MTqwAmnv4geNroEAms8Z7drnfiCrjSJEpN2KymePYjH","8802812"
"G8BG3Ws5vT5BXm2Rz6ySV2fasNPmVRJk11sU83vwyuME","8807095"
"3EGKh6V7dDovoGBA5ArSzaBeJSaseyygBR3ypFGbnkgt","8845059"
"9eZ47dSxR5qg3iMzWbYtzkPKjjkDv918qkHqTUpYiiuC","8859020"
"6iP7Qkz5Mo5yvsrqhkbgZtyhKhrMnadTFd8jojDvKXqn","8784014723276"
"AA8toQLhHyHDdoUnawURfFCxG7yq7C7aAzcPLb3U4n13","8893456"
"DSKNLEWJvhv7bVCi5W8a8EesfC6YF7KrBWW5zJANxCiP","8952118"
"DUkho41q7bZ9a6UhWrHG4c8fpFNsCzifKwUvK1ibEfiW","8962477"
"EHGUQcwaaiy7NuvuJ91zkdDpnfRfEay8vkCnqhWQSteX","8973689"
"8nkVn9BJ1ErpsuhBaLSk6tmCRq8iK4FHVV545khxDJ6x","18590193"
"EsEkjVgvBLZxpuUuEc7uhLdJwgSj3Jj4vLZXTkX9s7a9","8984298"
"CPDMCxsw7EB4ngnpY7Q5bsgLX38QP4AAN4D1bmGg482","9062245"
"CFp5kK1fDwuAdn1vzyK4RqKsfJ9SUd97w6zNVnLJTQHp","352783209432"
"8PhCwbueNPGu9YGbcnwzQqgFR5XcY1xy5NfBzry5jsw1","9087979"
"6C54vJGuyGpGtXc1jngnCypAtmagbCvznqqpchoZFqxZ","9101800"
"CWxkC7HAujXF8kaVwES8PmCa4TyR6VSyo8tHVcXws9jh","9101800"
"7jCQLc9FdCAX3gtCH39ZgyfgREzMt5KwMX38Btvts9Ha","9101800"
"iJNqkZpE1C6PSNaz9g91WoQATdTTHFKqNNXmthcrWPK","9115395"
"9TKGMW3R9AEQYX7xpcrdFPiJuGTzXHMQRUh8TZNnnNzp","9126094"
"Ba6ZKvP3Y34vaVTqfvTM1mYkugqGTFUurJQhh7jAi6sQ","9130344"
"GsVW8ANmLX5mDYqkfykG6qfTXpJEbudTdvfcngf2qBC9","9185268"
"2iTZ1bKRkJ8GwbkoaGV2GqQMQgGFGX8A6GiZqUH4qjCd","9200675"
"Dzz5nyRumC2rPunpGdtoRnhDq2VuL4C6scS4M5ii8GRW","9229419"
"7nKqRsg94d2DVeg1A57upTuJc85SLAD2vQz3wWXGkMJV","9232031"
"HMa9h4uBaaqkjX7qP242T8nD3gLSoVqvjA1b1gELx354","9256001"
"6esT3G8KJrUWBDPNFhqU15yQUGVEx7VnjsbPkdyE6B5","33116873"
"GpNLftwbAPy93qgLCAerBZsgNJbV96P1VEKuSHwujYsM","9282862"
"BoTAo7kxEGPdkJNLCY8N5EmgmeMzoBDBQ6Gm5mxp7Zje","9292910"
"FwSRP8RvtCmPBTyDuVATxUBDSqJUyVsTBFu6tzqq92rC","9321509"
"BzZpvybvfyrp94doPnmgR36m517fTpwR9RFSHmAtVMrc","9324389"
"9zqhJSecBS2ya3BW5wBQk3T56CZcDZaeh5Ks1QEqafei","9325271"
"EfgW7UwWRQ27dYCLn91mDosrW3wqbR5S6qmeCpjBvQVq","9335048"
"9RMPunW8iLiwxUMXXp8GKMZboX7urnJkwYTsn1xNSAYp","9336155"
"DViKHTxKzr1kMBZVwJKsoxpzYbUgEUNKSFEjS6JiiShA","9356865"
"5S5MTJYJiaAFw49zc2khkm875mEwRsaeojsCY7wZhXCk","9356865"
"6EBkxQyLPLXRnKKCXfXouaX1jVFPDMLKqwcD85zva8uN","9356865"
"EmWRPDHDtMHMbRg9drNvxmZTmZ4aBSosUXHYNwrbKYUR","9371068"
"FMjxcaGepjxbMC4CYc2n1DcEq137VKi7Zc8f5SZV68Pu","9376440"
"HNUArKLETiXnzjM5D35GVGiqWEvwNKzXVojHVzKu4WW4","9377396"
"7bmua6m315fSFwYZRndjJWmwstGHxVDX19zBLKhFZJ6L","9381950"
"8kaXVR2yRLw5FoioYGXYNihkEQRrWxWsM6ffr6RWPiHF","9393829"
"F1SYcRdNEa9HXyhRLPSZb7t22cCMEPh5gTxLkyLrXkTf","9403960"
"CwGHvWABR8HPVHPzyUaaxEbsmKHaYvAGhJrNAykwuFVY","9484493"
"Dh5ZphHgH5yUVrAB5CUc49MQMHd6B7BZ7z7JHX8QLbc7","9487388"
"A7nT3KaHu3xUDZETk1X3fyEKD2DXZqWPXza4E1FCCy5G","9495678"
"5h2PEBEEiKhG7p4SRpiPwMtk7gPmRV4yQD78iyNTnro2","9520335"
"2C9SVff1kdzE8TB3PCTghQtn4rhUgQa2hxCWQ13EqyZi","9521563"
"32wz86qZSGKJ3P3NPy5wTcfRfntVaVrDQSPkQye6oC9b","9575481"
"2kS4j4Np6Skz9awsBW1v6wEHSeBzWPqzBXVwJcEHdTPL","9584233"
"FECf9hvmWfQekVupVC9MXHHvV4XW4mFAyvaTRLc39YJA","9587366"
"9t6ZGfgrxqVV8BHCBBBa6z3wbUDGp5JjfCCh6PYa6nob","9587746"
"4BUiK6u2fq8cpcZcSWXBFjDvp4ZQLZgrVgYBL5HCnabw","9612009"
"48Q8knLizS8LN9GTBqTnseUeoB7FsayJhpvX7QMHC166","9635361"
"HK8fwQQAM4L4LYUGdmcy7aTX4A2vU9SqRiW7u1Yg1cJP","9657291"
"7XEPcvgTwivN6jPGxSqJjyqF4TmPcJQH5KmHnhWxo1ub","2866355892"
"8fA7We93RiQa64GMJvduKdGGk5q6SPqhnbiF8VTkmPsa","17008154"
"34Tx99uNV7iyKcixAWzfR2nb3x4evF3hYXQ2vwfRL31H","17281633"
"JASKwdo67yEH6QvqVNSKXy4nDu5q4r5oXSBQvemHvdNh","17285268"
"GD98p6tDYFzETZ6weZdRcifwQQaLMmbGArWSyFqaYw6s","17534469"
"AQrvSVdZeuHHgcyhMETqZawUT12zDGFD6z28inqKbnc8","9704146"
"FdnCb7cdX1W7UZxfCVkJBciezi3GpkZkknLeHxL4xwjG","9704146"
"FZMokLk8pWFgyohhQSEcYctA1aNKksHCYjPb7Jq8pPpd","9704146"
"3ayRVGFJtuKjqT8CdYZkW8MVLD1DCGR13pJ9yX7dQqAm","9704146"
"8HDLBrRTUwvmS6R9FUNr9NRp1SZRQPdNrMizK5WygdPW","9704146"
"9NG6LQgAhN5wfRRd2Ym1nBh3pUFR9rQdx89cuvdZZHno","9704146"
"E4rYppekAqHMGvZrUC86pCerUbCFBvBpmXZvteeUJiKy","9704146"
"EMxX7CgnWSmBL2eHNAo3ZKGLqfoHv6VqcJ9uNmzr7Div","9704146"
"B8yM9Ht3mYtYakU2TPHW9PuoJk1rotZwAUQQrEYkJDgQ","9704146"
"9R4RTwC97A6bsmiGBXNGEJvTZhg7R33M3XNK7VBDHgJi","9704146"
"4oF9mWXWdjxa7vQeC4r7WvDND6VXNvnkvBF3RX3rpnXX","9704146"
"CjUEoNFXC8CXirzSYbWhSPm4FscjYcFGCsycgzhgqtui","9704146"
"9Tc9re4UttTwGVjuHCyy8PcqN6GEZ94bmuGatdLct91d","9704146"
"FoTNRC49KtvsMzuo4wrxSS4AgDv4kjCgPKkpNfYwPzNz","9704146"
"3ArfvFvozkPY9ML3xLZpokk9z8YxeWjA6pzThF9ni3rP","9704146"
"AnPLEa8afZqLVwR8VXayhSDsfisbgpNYQdFNHvRvqynE","9704146"
"As2bzgL4idDjFgHFdR5UdVtmMLFkaZisrwbky88mrWRS","9704146"
"4YMjSV1CRN4uVBZkFGr52ZPHkRmjJdk2nUhocoCZU3qx","9704146"
"7bCL3ZGjVD2QvK1H6gGNq6i55sXnPYZqBEiJ6ALh5qat","9704146"
"7LyYN6bdeQzUKMyQnhrMmkQj8n2ykf3gTogxTYnyUXTM","9704146"
"ELb8Vxa79eCjgXd3fGku9zA4A3XvAuWf82AmNTBiNXMM","9704146"
"Bz8f7Gtx4unDRKjjNSdtXA6q9n5bQvaNUhFhFnDyN7KD","9704146"
"255xRXcgG5oFYrtnLpFtnZxzPyLbVUNG3HLJSAd76ZAH","9704146"
"CYgZuAcPNMCkHuZ1sAjR7DvthUs7TKM3d5ahtHBzFPuU","9704146"
"CuMK4ST3PCQyighLKWTzadnX11PCbWn1SRu1yGpAteXz","9704146"
"Fz2VYZC2kDgUaunac6ExZmJTu68t8MwQZ8RhBQn6AXyY","9704146"
"HkjGJLygqTazfJgtUAtCcPfGuCrHuB7SATLskRdUc5vW","9704146"
"3CZWBx7vCofm2SwshUA8fnGv7PjLx9gR5NkZu8sAkpEe","9704146"
"2sXTaTJY1EfKDCvdNRdjhL3XDUCaKd4KXqWyVjwjX22V","9704146"
"5TpHEz9B6oBLewKe3yZbmxbiXf98ee4yLVa5Ev4aJyD6","9704146"
"6zHPyKnJiGGNVnwaUjBRcXo1gkJgi37Jrw8iFb7FucxT","9704146"
"61LU8a4ZGuR77S4i7jHctFRPNB8i6V1rogpXNMQRF5P9","9704146"
"FJtdpMjGtdcMW4QMJntphaEvxra93DG11iwuszTe3RtV","9704146"
"79Zv8NAPPH2fJvYBcWNviyNE9CXBagLhtBFKuyTewy6k","9704146"
"2vrKoFzjtjUahwNN5u2y1yKBfuWnQokpvVDdGsCU71L1","9704146"
"GbJoDGSN5SVm6uxr7WLxdUpvF6VogpDBrdSnHpmeu9ep","9704146"
"8B4dg9FK6LJTCmsZcTEEErc56hJTzyM3cFuTKcdSgmKD","9704146"
"6CHoBWnry91niaTqCifutpCn2rmAejjfEKz5oridYfKz","9704146"
"D75KknTzhK3XZvP4pesKFh6AU7YZdcRvemfs57s991sh","9704146"
"ABpSymwS2nbwi7QP4aXwikDQmpGCe4F35Z9hfThxL4tf","9704146"
"7uGgZyjdL2XKwHUWPdtBWE2yaDUVf7miTr5757dGNNwg","9704146"
"9GQP73baoTruKCMM8s7Wbb3iM5mrwhfoaxPo9jkV1HE","9704146"
"4tmZQmx5pDtfJ7J2u1K54JmjEaW1k3Q22E8jDK3P27xs","9704146"
"7f5NhT1ikMR5XbxxscA9YHNVbqR6Avq6pNm7sCXKVr7q","9704146"
"72SnSw18bMUiFn8aK9XFcXKJVYu6bgVcoYiRDpnKBy1W","9704146"
"HTbZ8jjVwHenFL6yPB5ukfTvZqo9z8TC122cHWEbuQDa","9704146"
"CTvkFvnta97nfUT9X23C65jhq7YS344YQEKQ5ikj93L8","9704146"
"3FUrY5nWwJbJym8e72kmDXpjBSidzPDdZeAt6w7aSfPt","9704146"
"FwrpfjUm6DWu9CQCUZMHRPyCTTDfJwZqSTXjm7t6zbVp","9704146"
"4V5ErJKP7MCQvXnSHY1vaUP1PF7PSPRPhe1dYrgJFSic","9704146"
"2yQWFyLvVqP5XEMpuEbEuXpzgyRGsdjfyaFwNBMREGWp","9704146"
"6wGiCKA3WeMZpax355C9bR8UkagSxdD5sFCpYmDjQXFR","9704146"
"4iMQSDybAj4V74iSfneCEs7ak1uCf56bPrLM2zwuzG1y","9704146"
"AeYwSydM5ts3Fu94r23MqAtxmHi46BwPXQgMaATDCMK1","9704146"
"9zAvS4PpMDq48szsuf5Nqek75NAw45ut3YfcuQoxkfzU","9704146"
"7sqriLBiVDuCUi5JV3LfDURC1Xs4H969ezEVKgqEnLCj","9704146"
"GbY61udCqkJfrDMKd8cppBu4p6uwPy5b3iWo7hq8oLih","9704146"
"8mDf85nDMCt9fDgWzMjb578SaPs7st8hLKmgeG1JVQVH","9704146"
"6qMxBXdmmVHwvUbuoP4Mgf7wnVK8acs2xxcwaPBMUDQ5","9704146"
"81LFjJ1JAoQo87ibbt575ACH1QLTuKXENerZn4mqbd9b","9704146"
"GYSWqwkep8NhZvARMEvmSWCUE1s1ZjCu9kQw2bouQyHw","9704146"
"5GJdp6mminLtN5xxeieATp56HYbYR18nw8Vr6PmuWyUn","9704146"
"FTZTrhXSjmaxujsPa92KuHTyN3YKnp9ioBfUz9f4YGvW","9704146"
"8uRUxui7jzp7FFL5y9nipYBSmhULxt3F2DMr51dt6NFc","9704146"
"9SUkGGX4WfEnZ8Y9vwvssGWqKDHkp7yxHiBYHnveiMKH","9704146"
"7ueJTrT7HVyuhcKWaPnLwVvK1aqxDzg4NhaPUHPGhsVE","9704146"
"9B11pZV164P4N6QzffRGas1EuYiJRTztaxPrvoFdm9Rq","9704146"
"D5Ua7Nys3233BH5m68oPsGLjyZGLvB6vXSHWVji3wRU6","9704146"
"GErB9GcQCELv5zYGp9RLugdZPNSzF4myhAv6pG2ioNTD","9704146"
"6rdDUferiUHQ16t12TZMdgrQPWxkZ6BgDBE9qfPqxRhi","9704146"
"3iHd9oHfmsH2S4sytHf2sRG52srvysF8tjs6Ucb1cAG3","9704146"
"CyVpoEhr5L4iTi2Rqp9chE3ENfFcrRy1uGE3fHRG9MBU","9704146"
"6TDvXEn7D38mC7QBDt8h9PENcrCyx2hjhPggZvMnqsRV","9704146"
"4ybk6pYACj7dmCfTW275MjSqYESLkXpVr2W9QXr76Vi9","9704146"
"4bZxT8Jr9PcavLzKbjjdbvpYifyo2CSy34N22yhVVGQX","9704146"
"FNNZY4xitdyPbabaZntA5km7JvhjnxvPcswDDzVtGLo5","9704146"
"xLS3q2Cg4BioG2dk4JkXUk2PeWS8kBnZYbz2e7DZTwb","9704146"
"AXkNWTBuRoZY7SyaagPhCWcXi6LpbSdC6fSvbA3X4rXV","9704146"
"DxVzUmXqocpkc6tfiLAxVREB2wPW1am5GTSQSyEGiR9t","9704146"
"8yeq53gYAnBegfAMy9R8J4VckpfXacQszRvmwMYd7173","9704146"
"AFvcUWpTPSETsyaexo4ZcZmYiNkv9WJr9mEi2q7jUTcE","9704146"
"3mtjEb23aoFufq7NfWA5yzmHxg8Jmi6ogE9LgCYGcZeC","9704146"
"J6H7QQuBfKZDaJfrrLkgAZFSQiQ4cSD7aSUpeL97ge1N","9704146"
"6bsXrNZuPpz2dccQ3AqTadPsjLd9YuuKLbVcG8quRKys","9704146"
"GUn4Msds3DE7DFLByEPvxr8sRMT73S1hFbpYdZcxLN7a","9704146"
"BdRLcw21EykhmXPnvvWrrefqouzZq4Bs8geiSzspTtCy","9704146"
"2HseABhsArXJdpBhYveozauxFBVRsTJZyT1JoZeQWvsb","9704146"
"AChe5jqqMvZY28uHRhSu3Lb6PiGUc11ahh4ZFwaAXmwX","9704146"
"4w9GHumQ41sgQXMT1ZY6qFdgyo2wmGFVBSEmY3aRbczN","9704146"
"C6ZKn71txZo99NTpC44vZgwz324G4X7bpViyuysVTkS3","9704146"
"2QDUtXZRgMkain1xdVXCDdQRcNxbsdz21F6HP92ikZfb","9704146"
"9XaJ3w2BrkbHzAujwTsMRBuTBk2SpQ2BmapYcSMmSib5","9704146"
"H7dj3EcahA6ftq9PRN5VzgCYUge5PCmjHmEVkAjCwK29","9704146"
"5vo7bLaVwcZy1a4EEGxteLcVpBghX8FRGVkCVf1QmJgC","9704146"
"GWQhwAXUXqfxrG5oqRr9b6dqx2hZrxwkMEW6hMYs5nsE","9704146"
"HPx83orpwqULXZgX8YpBxZjwJkSRFFkFu5vhkyqyhkjy","9704146"
"8Gzh6LfZBR9WDT5kG6SehsMJ3ZyJ4xnde2reBNH7oHMx","9704146"
"3SiuXb7ZoBmWDY17foh5CCQErZKWmsJXE5exgVSNPsHg","9704146"
"6pua6hGUbizuRNAnc4X65CNzU5QSqG2YAEKpy6xgiX6C","9704146"
"2tihzgyGyv3shM2KCjx2uRzM7fZFRFvFfa8kcjhEab5g","9704146"
"BuZthYvMzAhqyjCtt77XbWLRzumVahgrSrFABNh7b4U8","9704146"
"A9DBCo4UpLn4GDZSAqn1TPLyHLQJMatYwFnjzAdDLgaY","9704146"
"4zjbe7SfRcvBwefrkPeoN1PzD7f3g2XjXkdXJCAKYQLu","9704146"
"HF4p3XVbniuJw9m1ZW55T3JHL8JLofKGaXCLU4w8zLho","9704146"
"4uMfvGeJ1CbSpdrsTaiRYtcVJxvp9YNetkzmLGWh9od3","9704146"
"D9jnkKpAgDUTawTWpvWj24pmzRfYQnMzr7qF8zExkRqw","9704146"
"6Ho3XMHAHqzQjZeEYMqBY4F3yrB9Tp6Hp4f1xfr39jQS","9704146"
"Cnv53uYuuAz7thwbxQ71NFCSB29gghkAECo5KFcULZb5","9704146"
"5F31ND8V56xhveheaMiVcZkq4BLnPJEEiuRUQ2TMd4pW","9704146"
"BTTDnjs1nTwM3hEbv3PF7UYWKg3CFa2SCrDBrMfeijeS","9704146"
"6LAZYxuSnR7KA84xV3RGdcLi4TextpnrPFckGT38iQ3z","9704146"
"3QSNHkQvrSy3N4i4gu3v1NmjK5Rh4Z7AbmLXdZkuR8rs","9704146"
"GTcLtwM4ZpFc4DQmbkfBsGH7KRKwzX6uumrAYVXkHBFN","9704146"
"7Ua2WhFmeVw2JXaJJLfiNjXWCoiqsRSqSAyRVHWNu46n","9704146"
"8qaa6nVcyTyqdMcq4UshEDiNWbTznupupQsL2GM6h5TC","9704146"
"8DorRkPxCkL5Ah47QEB1SpGEjNjgX1YWMZagC1u8yKMq","9704146"
"9EiTDamdTwB1Jow797cchaVAED7z9mBaqTabWyuTuNiP","9704146"
"6oNGtxyoKMJup7t6X9dTLHPvTsv1LP5T1dkrD7Sbuzag","9704146"
"BB3mkFJeUjG2MFkbfogtA5F5szdHMMrbM5CYFwSGkxcH","9704146"
"DoDEbFpbQFShq8PBr7Syv5mTNiEpUtvGkqF4X2ks3LRd","9704146"
"9MHHuaLHaDKGpQZuT4KbsE3gxVkePNcZsk893KGuDz31","9704146"
"6pnJE6y9eqmuD6382UMqHUiZSMTVv5KsanH2Qq3MQAkz","9704146"
"7XpyhsZ83Bfpvj38AQZYfZUgVaASaB1BuB7AeufEyvyE","9704146"
"GE4ddNUQK7eG4cDEJW3vBXULPqcj8baKSdjWE9xbcsiD","9704146"
"7NPYUG1xjEkknsmkLXSLtmi4t6iZzFRTyfbxXr5TKSYW","9704146"
"8Cr6HhvqHTNUQfrvahMzhvCcWQskjrwLGWGGZiZRkWga","9704146"
"ABwURAgqmSjk59v9Ni368x8h7HjksNTYiJBu52NFpq2h","9704146"
"ChrN4VPHfY5e5fWFJfFFq73x1fy9TgYjoLPpHkkEUZxy","9704146"
"Gog88FDpaCSyc7SnPskjogNrLxKsVAhjW18dQMfSqQyk","9704146"
"44GTTKJe253M3Q9Ajte4NPAR4ny5zSd23QjqCCwZemmM","9704146"
"HF6XPxFz71zyu7q2noadJ4Ecba5EDcbR5cUE3cpZqXYQ","9704146"
"9iEp4wknNB8B3asTLNDURduJDJkvZiYYE4AZJqjcr8K4","9704146"
"GnKQk5yP8LtMeg1kGFGNicrHxLtjuSNmTBqD5EsupVsZ","9704146"
"B5G7uASfLw5edy5GTbf1NPUfhhMqEhUN3xHK3VmnWXPZ","9704146"
"2FiQ1P6XQ9eRkQ78oaMMSAinAj6CRqR4Y4xLakrn2TUD","9704146"
"4VR8iTk1xLgCLeaTTizw6BmjounSXrtyiuZFEesrarhE","9704146"
"4KHzoMH7UMs4oUxixM5meTLxkojgJqqnrGFGYYWw6sxT","9704146"
"C87Q8wwSHEtUT2DPUnW7vAStxVKxh7t7EPkAQ6eSvpK2","9704146"
"EfZweGu9UKUBFwNBQj9UmZZyprMwh5TAcntH4XATBcru","9704146"
"6yEg5sXfAL4gH1TstUiroVCAdY1gKhC1oFravdPc953","9704146"
"CCA5MWQs5GExShrtC4Kx6LZLbAEwQAcrbfXE8AVUvHBU","9704146"
"7Ge9mzV98WipLbZ4FHy8JF63MpEZsh7D4EXsiWcAHhmQ","9704146"
"4KyuPqScmQtqrrVqd14XKCurWCWLTCgFPNmo8MKrv7Xk","9704146"
"FSbzbMUvwTutT639C2PoWVJ4EwV8BjrGVu518jDiJapU","9704146"
"7QWTP9FB9Hh7qD4xeHGa7zqtByrkgNxJxisxKvPV4AGb","9704146"
"5wuBasfgQYLkJxVBoZRfxyJbh8Ptzn6sZy5PcxK5ezf6","9704146"
"84SGyLBpJ4vKvP4bP1deCxw4n12rRMd9wUsL9pmogDiV","9704146"
"2JFVN7rWAbRTGyTCN6vvKKifxyjdgZjUCXG3qrz1DZNW","9704146"
"8GtnV5a5c2WfCSS4FGhcY78AXgh6w8iC89zZhNdwbp8x","9704146"
"9EGvwWGHabrtuJr3uVefqvv9Q4Lwv8M6nCBfVSgaDLpY","9704146"
"9dXnuidC3UGree9Mb5QYCpX5mACVd6cch7BaZxHRPYyz","9704146"
"DtH1Tu5uTcjdrNwuaUdcq2DBNdEEhN3LveZKpH6R6DSx","9704146"
"86iwXggb2ydBxWKKetDxmGDnSvRVExbkBes24YRH2sAj","9704146"
"V55zxs5zf9BfSi8YjR5jBdTm22L4AnGeQA5x52U9FUh","9704146"
"Mod1fTPwj5hYXCgQpcEw2tNKPeRmvoqHjMNkNZQ3LNm","9704146"
"5cwfyH6SkMAVnSM8ZyVkNfeaJXsE7Y45Kqc1r6jQ9Be7","9704146"
"FmuEMqYYhhGo49ZfDt5R2oFJRzFWnfuWSvX9iAnMstbv","9704146"
"8rv8SjeHELiG263Qn6gynCdFqn1bvbivg7ndGfa113WS","9704146"
"Wsr3PND6ApX1ubYGbV5z31R1nzhA6FszV7qG8FqTWmN","9704146"
"Df5Q4gh1qRD4BQTaA5ahDDWdwaAqc8tYs1yu1VY9EErh","9704146"
"H4DUwG7BimxvgHbwLBo6vy2hHSZgPSSZFa5eQEm4GXP","9704146"
"FUujZKXGHokST7QAPL1xS9inwRk69RzVxWmYdmidU1S3","9704146"
"GTKqXgEgrV9iARXjCZVkYgsNBHno99obgj2pauxBfcSx","9704146"
"EfG17jVkRADbdaheR7r87oVVk4syDMX8FpyoKKMTGFf9","9704146"
"33cZHi1QKv9sKukmedMfU1Srwu1oksyE62QW8Qk1hZYf","9704146"
"25MVh1aWSW1qAD4drDzcvG8ytEW41Egnb64fCzA9MPab","9704146"
"5wJVXtM1jCNPT8BdZqzHcF6whyeruAfLHHpahenvPbT4","9704146"
"368st1Fni2JVBUsYH3Roxgpe5t3kssX4EkFdEfod9zL9","9704146"
"HkHg774Lzu8hKSpuJE3pBkeA5qsCP13kMzGxx92ZuMV4","9704146"
"6CbGTdKHg4NGNzmwiPAvYfn6cpaHLHpNw3VFuARV3cQ5","9704146"
"FQ3q1gF2ze62KynvyKMdF2TukAmAKEXN9jtkhvMb152Y","9704146"
"8AY43XPGXp5en8FiCov9xe3uMqjarg1QzYHjwvYJm6LF","9704146"
"GNM7YrdWBcecnBEmRAjM44av1Rq9gSCUhfXFsdqiGcS3","9704146"
"CKiKzvSGfkDUD8NobFsswNguVQ5VivvR57o6wyzrKXMS","9704146"
"79RRpvZRYbW7boJc29WNi5Kx3GyMG53tRdUpqdwzApSp","9704146"
"EcxbVXWHpqzFTRSaWeuzmt9w8Lwrx66DKZ8MASnoR2MZ","9704146"
"7L5PE8FT2SvpWUR536BuGvusmjtgMSHPqNNkPLtEANQh","9704146"
"Dk7VR2J1UQeEZsPbC7KvoaKzfwjVes89qUPuwUJ8QhXR","9704146"
"5NZNrB7kk7ThkvS8TYTi7aHRMdVyuoKKQH2LS6ZESkLJ","9704146"
"5LL8QP1syGqBFpsJ58qAtmCCdPktK9gfPTnoKLynfsbc","9704146"
"85nmUUcccMe8iFESk8VT2ErSQPvHABEJwebmdUpt5vbF","9704146"
"C7g32SjGUy1aGrbcirrjfM5H6rmx3NvhNn8PK8VCAP6H","9704146"
"EnGh1sNx1QCaexTzbMLzkWj6TNax6Jxv9quWDK8Ewuzy","9704146"
"8Y5MVa3HnenHDoJmbg6hR6xZ7duKXjZkXcwfJWCkE9Hy","9704146"
"5ADGLpucKRVCsCR92UxbujnKUgjYwYdu2Syfx8xYdHsH","9704146"
"2m5jJDdHd3E5qSfDjzugbMWJu3CpVC6pJ1FzL5e4VAAD","9704146"
"ForRd28Hhv3weHR6xE1UTq2ug4g6Dacqj1xaAAAumGXi","9704146"
"23ebk7qJJsUG4v9J3bhvLEV8ndxPygS4JyjaVL9r8NQz","9704146"
"G2CUckPiZX3jxtWFfFwC6rmUzTtCTykvhqtte4ih8qbt","9704146"
"BEYZD1cKYF8dutBA35uCPhBfrT1WUkWxXYh7Qnkta1dL","9704146"
"AxdTqswqKdjSzpRxjkot4f5JfUT4d5z2e3ukce34LtpR","9704146"
"653hKByZJa8eY3Wty9tHudKndx6UfopXipCeSLM1Ynvk","9704146"
"CT7FeFSgB6ZQKGJWN2feZq8kCV75U3V7tzD9BpjheV8o","9704146"
"Buu6rj7ffRgBt4CT64mCXi19Qc1p5JbVVKjkykbjo5gh","9704146"
"75p6k7un3YD3phhytrSxPrQcC2woLmA1FKUx6BEzLWFn","9704146"
"GAkKwnWvQc3APabLEiixpFXcSZcJB6fXj5Hum8urNLnt","9704146"
"DaL74xQoCQDySJfxT5m9jggveoWNEYY87Zhv5msCbKG2","9704146"
"HkLPYrWAwDhmHd2GsQ2rZqVmHywEeiefhXM5d1r8uhi4","9704146"
"6L4TtnPam48P8Pbr99t6nMGp9MdDVNtNR6F2GP6oP5vj","9704146"
"EtAopssCUAeDbspEqAesf5Tx631bfmbNTYuQXasbd6SH","9704146"
"hoeE9N3YWNUjDro9Vv7JbGVxbVPmtch6xNHxBg14U2j","9704146"
"DXrDztxLyt2iDpXZQAsrM6YSiz8dqGbfi6qBFEvh4DKP","9704146"
"Es6r5HkqJ9kUUALNymUPqe1xLCCQNkwf3KwusHi9q36w","9704146"
"88fcf9zCPV26w8hvUQtXxZWYdSEbaMfBCi6nz8Pz43gm","9704146"
"GqHJfDCPGicTez3SsxVXCYSvjk7GAve1ugZKX3JZyc1v","9704146"
"FqXC4CovkiLsbjLWBk3LrMj4XHp79VXHu9i4K9sdbPQu","9704146"
"49tDoi95xB1kf37hnTnh958mLj9C4DSPWsoLLRQQTwas","9704146"
"FAxWGwQYD8tndiCgxJr1AHmFbJg5Dwyhrot8swAAQHjW","9704146"
"3VKxa3idVgfm6aicQiu2QMoFYSykp5XQLR1rpAkVZxVT","9704146"
"BAfqjP5TEVcsxGg3uEpdYQ5GSE2KycxoSdWuiAMBfmy5","9704146"
"7tGVFVPr3m8XcAad1ftnTP1iNg3wrhYNW51coLsJkx2P","9704146"
"mqeCaDwYBHsFyjAfF6Zb1dP5KSF6bo3VKmPovZPBCj3","9704146"
"6o2UsaBAPRjfVQuv1JgxHVg1vW7bZihmg5r37UG8WbBy","9704146"
"DNhWuLKFkPmb7WvaUJaWGKNYCxMhucCVnjge5isEq1pD","9704146"
"EHhuC3eWoEUckZ7ruwvdv2cJAx3NFoEb5UxtFNyiCvWA","9704146"
"FF5kVXx2VLcvGmXM9DkRKtanKJgPQmq5p52yXSb6wtrc","9704146"
"YQV8nKH1kGU4WVhJtWuf2gqKiRreuMFLs7g5zwaup1f","9705303"
"8CKUEhD9kfKnocbqFS7pBS7PChsk1ovnyA15i9tLsMV7","9705312"
"FqjMX9upwXCHhaJ4trVbDL15GbXzvNQw3QyMsezwYUeP","9705333"
"EPsHtD9LjozxambKyTCSoPhbCFREdo9LiBp5QsCpC2We","9705346"
"AdXHjekkUybHUWSTbJZxfhXRx55yJJWBYkDkX27pxDXT","9705351"
"8ycF3jTGNHZGWRzsvCmWdaQnqt6c9cXbHvQWZ77UUekr","9705359"
"4Qa2aSpK3PXQoyDVTdiXyg2qWSNfAEfySdZhZdyfinnw","9705361"
"F9ZFCNLvikReZmmmp2JrKyMu3nXSaRWw6UHHro5EtLVJ","9705361"
"8Kt2LiL9bMek4HatxmvfCFrJ4gbtHZasvzk1uCmr7auc","9705374"
"HMJzx7Kzdc83rXgVb8jfS1TvrceZjM6XxnyCjSUCdjX8","9705378"
"TM4653CAsknyQP8dzrRYxrBGVvBqYeu4xDpqgZjAx3C","9705378"
"GyAQUqYRwJKqMSjWGwpTXyzMC4wJv31jNnWn1pCf9jjR","9705390"
"Bq2EgEQRw6eRYEkeT2Urcb1ZkB1VrxQGi4BCW2SP4DoE","9705390"
"6HwGaP7xqB7LNgp25nwZp6qHDj8Rzah9XBYNvduCSr4q","9705393"
"DEoMkWoTaSHFp29ohKbW4EsAv53PA2LpD1QsYeW8KE5i","9705397"
"S4LzXXQTTo2uwTSZFqWBrSD34UykERTG3YzzHMWwqpq","9705419"
"B7boAmLT3kYCpxWTSu32dU37ExUDMKRffTc5sb58wqwX","9705885"
"aHRV83C5UZVbvit7xqqEyF3AK7tPriKHZYav1FJQuAE","9706082"
"5cWLTAmp8bwTtHRf2meJgpPDcrw6DGbSzefYV9Hj3Rh7","17012228"
"rD1eDmf4FWciuW731RhuDkZvhFEg3DRitvw5Uivz1Vj","9709420"
"7nWAx2fUVx26NBvMMd3HkgcvqF3grfonn8x44HCCYqeu","17062038"
"DvA8Ay4A7wXrocJD3GAB9S7bhbSsAdB8A71tcD5qP2V3","9713458"
"85h2cQdXaHauZiv2LnGZbkAHgcyZMfGyP7wH9rEfhxaZ","9713657"
"H6uTZjuh4vXhMBkMz8cBKKiQuETqhmXebrrqR3CDk4Zw","9714405"
"D7imP6DqXjGwbTCRMx7SNC7u6vcJm4hbgpAoDD1Z6mWS","17466628"
"8vWA4AhD4kNZSfH8d4jkxPCbLieTBrReNfHetviAnRxX","9723282"
"J6kTYGkP4arkHL5AivWtg9mMfbvRRW7CmrtewMJqDyF5","9727165"
"4WE9zExX1SWoyLbJASgQPBQYSUbUFnWhXdnYiGV4SyfQ","9734580"
"AUdBHiM3RYkWWLJF2SCDsscH5m1hL7iHGMcsHqDc3yA8","9735511"
"EkuLq7h1XRnBMdhbNWhAQviP7T24KQKKKCJqEjkZmi8i","9737542"
"CqnqN2VzCx47KvzJwPMBMg9tb42NfsXXLrVhCFbsNsAr","9737738"
"HJ1eZdkVBvyfXqfNrx6u3r1PFhwRgYQ19tF2aXAiTQ5D","9737753"
"BoYxvWPHdiLiTadTaZAJVVfjh5yuhorTCwXPHSMCEWKx","9737797"
"96rhdHLimibgz7uWaMm3PWhULyWf513vrTeJm6S3rxtR","9737817"
"FJc6u7qwEytZ2sDfQ9rp1vt5C1CkpyP2pZNHqQJs6gY1","9737912"
"3RYFXfiHr1YsHqEiyTtRPQeM9pqLvBMKwgiNS4E3cE7J","9737956"
"67fibKZkYRaSRt9VSrDNaRJ9t9i8jMDSx4E6gR71iQEq","9737976"
"GX6jEHCRgwRAmwNh6rhvVFK11XMgz8sXswmq3AeTkNdJ","9737978"
"AMvC8iN122zHaXKbSAAhL5sZD3fsFUfs6tvidZ2PFcck","9738042"
"2eT1Kth65nZDvjwgoTHMarDhypRNLxc4RTf4SJ74w9Se","9738057"
"FBs2QkusDUnJy3DEKqzzmHwEKYA2cDFinnpJokAre7S9","9738094"
"8JkcE9wpJoBQBeajmi24NXrNHjwE3Dcxt4GY5sFV2mos","9738101"
"4mgpMpFQX4nDqsMumo1XDcVJMCY8jypmkE43zYFSr1Ag","9738109"
"2a8QHqv7Ss8ki7EjWTJbTTnXFuLQzLA6ujamD6eLLur9","9738123"
"D3Yj1zuPL9VgCSEW4mPVU3Hx3CHLC7X7qCcAcV3ZarwC","9738130"
"BtgJxtSupmWAhVL2oVXkRDfaoKcfG7zbpBEhBn89JTcH","9738159"
"Eus89z8xqo7qfmxJQdFw1M4U8MmQShZRdX85cw2K8myB","9738188"
"dQVMQeKwWhksCJx7voG9ErNc2CnnUFajLz82XfqjFbD","9738203"
"4Etgb6jEdfWnifzgAViaeqhiS8aYoDTYtsYg6Em4NRdj","9738211"
"GqxzjwQq9EY2477LPNjgg9Ee3imxn4r2tFX7JsDxYb6Z","9738334"
"91zd4jxGqKXAggCq2KZD7vqR5ti7zdgqEjWw1Dn68H1J","9738356"
"3o6UMJGwTC4HbpVWaShHNaFet2tnC9n9HD9yDMmQ8dGC","17490099"
"3Y3seA5Zpgrr7rPM63WMdptjXJ6gCUTWuDbaWf3sgPX1","9738486"
"4AdpP3sc8HQP5CdNWMb5LZiTGG5WXHzL8XjNATedwUBj","9738509"
"2oHpUHjhfSb1ijY2LLsFUnyVXFNadCpdRucTDFNcnifE","9738523"
"GSo3pzaTy6ZwGJ6DWs1u8EwwhUQMUrARV5wDwwX5ufjy","9738545"
"8iUFT9s1Rnn3F7yBPyDvNxUvFTwNDMobk2aDhy4rbJ2b","9738566"
"Bq334WaXb559jZrfMeN65XMrsGE563KNiTS4t1TnUx21","9738808"
"ATqDWZUDhMbprioxRzp8yg6tXUwLqcPxKkV4MDPHRR1q","9738808"
"BivM5aZUTCzpnD8xVwq32tXPd39gMFrXAofKo8hyq1Fc","9738844"
"9LbVg1fHmLv4PA2GTDtb5jrtJ4giHoKYtwiXY6Yi8qPq","9738866"
"AnfP6SCwtxM1firPgaqCEnGoUfJGa5g9qM7mdCqirhCM","9738893"
"DnpTPfVPhAtm3GcxdhvRLvbXDWPwNUnAeaUJeNb1N6j4","9738901"
"Am4fSy2vXTKP9cVVT4RbA8dhtTFcWUXgWzHYgy4twfPZ","9738923"
"5f2WvBPTFeLJ68RpkdFBx6K1CnfkezUaPa5MmRb9PVd1","9738945"
"AcSiiFp8jmYsnXuYn1VUqon5h2dHC7ZkF22d1bt2TGcu","9738982"
"3nTrnkgmPYuCMVczFqVeDs1sfKvWxUGGRdGNnGRvPRXw","9739025"
"GNenCZauDkRhCcxKCDbuTbViGM21nGVBXURYEq2ZZnQV","9739061"
"EWqwYcRqZ8i4WCVLgEoJiE3kVxVeLq82yip4UQKPFJiQ","9739214"
"NcMhyxK5M7uUL7PXmdpukNvwYN6qsZnoRWCdEaFcqsZ","9739235"
"CyyvpjWFD8Sgn7vKgK4Wk2pwhKEX5W8ieWbTDBpejG5c","9739315"
"9W2m7BjN1EeHRC8x32CAfG9BG1k69v6f5HVkAGBBmGoL","9739383"
"5GCLwGvh6N6bfUWr6Bb9E4EBLcQ7tvFQimXvxu95sppE","9739388"
"4rhY81pmzKb38WWF9XXCnoXumZbpPkLyWS3QxVeP3SRH","9739396"
"CZvewVzLCwqZpeaxroxHZGvRTNaMDWntsz9Y7LjriMeD","9739432"
"ErZxhyVXqtbYLGepJU4gcXmLabXUfXD5QYPoNnQQXenR","9739484"
"5W16zBuERajNmWDM4LVQYtDF5TYFynSsw2JRV2p62U9K","9739602"
"A6qgWt6RHmcSMqLjHBJGJpXix5EednigVXpW8zBvDMJE","9740172"
"DRUHHx6YfuZ6D9AgK475FhdtVfsMSWLToGe57hgHTiKM","9740179"
"3ne6Bt4avH2yUR89pVyCkfkroy5Kx84p5UWC4t88c1Ku","17323810"
"GKqjyqyEd9vMCchEnCzE6LaXq6W5prTTmy7N4XTpqZD","9741599"
"D6B1n1heKErG22e3XX8M8DbuoMG3c7qmvQJ3NZaDmnen","17502653"
"BAJsVRFWjenQC9RPncV1KJxBQ8VdbczkCmnWNM9dK6tH","9759123"
"7g8QLhU6x5immoZniB6GGCatNnj48WqEPJq8f5imKfec","17017160"
"kFrAAbDhAQC1SCifDfcpw4e9JgZDvsCzBwtkXtiuRhg","9772176"
"9C7jPDhqEAkDxFfK6YEfcSFRHKh59wM3vz3F9o5V9Wfj","9776544"
"Fqb3mRwGaDvWRKPakXNJdKBUyEeXtsRALj8aCHEzizHV","17304119"
"6NcbT9g7xDTaBpAVJGjfQK4jW81KxBA5zH3nPdQVu9od","9779294"
"9bPb5D9LgoxHWQbYhkGgMnud5ygWi5sR5ztWNZyfLrUY","9780926"
"AXwdsNvAYtTnPVo18p1HiNeTFPwNzFsxt7QtDbe6r1Qm","9780926"
"FWhGoPqvbeQa4NAnRRCdVijXMNSdkF2rQK9a3PeWXxxV","9783336"
"3mSWsQSYoxTscoBBABVoV6mHQXTYpzZs8s9twHK2VwVA","9785322"
"Gzdm6qsdiimeMdybb2zyQuViNx2oai9RxVV5qTn9QdXv","9787110"
"5ULbbzJerSP97TxCyVvoKuZopWa4dkWwagyXQQJNFjfC","9788204"
"7rXGvyX9oYNxso7RAd38jcdD4PBdzsBajYbiFheP3bRm","9789317"
"GLuxAvMu1gPV2mALb8DkWEPFbEAANoF8Md7gBwnkJXkZ","9789513"
"h8xga8aXW9Jorva3ysmC481oAz7sYBVf9g9PrhSCD2H","9790454"
"2TnjFvNAmFBcY8UahyxKHFjfdbRRL69mFArKbzcyw8U3","9790508"
"7tKTaU3kJYmGmMLpbXTt6R3Tp6AneaKxWcNfXqr72mL5","9790837"
"HGRBxFYmKTph8XhJj1PBqrgKg8d2u8sxCxdtQfmZRVtX","9793630"
"E36r4meuKBXKTxWiND4LgNDCAbEV15noK5yQhNy6v8fV","9802860"
"CEd4LyAVJCkTvuPFnyzvwEfM8qNgJpEcGcTR98XnUMdf","9803349"
"FQRU8eHSKZFJSvsGgLdrNv8ekiL7wrWokpE4srDxf4U8","9806316"
"95ypsNPfCdmQPt85uPnoRPnuPjeNPWFMUMFPgw6ZyAUH","9810161"
"GKfzE8Fw3mpzfPM629wu2ghYYzrSoannXCVf3TbuCpap","9810161"
"4LzNg98CaMuGcDf4cwpw1L7RQ189JHV72JsESfy7tKWL","9810926"
"8ERCoJC9gaAzbh8eMp9fYva31wCPRp9rncaAU7ztp9BK","17311870"
"BNJpG85b7jjvJz4yQmkGQ8AzHc6yT6DixHH8ZJxZZcZe","17038387"
"GW7uZnhvx5iu3TjswvwjDnrMooTJDC6dR42WLQcGKRuC","9835548"
"3zZt9Xj2J5k18L92jEbJ4NBfzTNRLB9nfdauzsJKTjXc","9838875"
"FCnoRXRf8jC3fwQMxXNMzngaFrfKjKb2SGNtARTcHKWu","9848755"
"7MWDsjKGXgnKqDWzw6E8qXEYpnfVRVc7zpQXw3mFGjQY","17046471"
"3rvwuy8CCE4GdWb9B7hHX64sgjWFq97xG9zfChNmHtsw","9854741"
"6AnZSMgYmauLzjkwjDBD8r1cTMghWK1zTuUbwErk5wN6","9856618"
"6HYWy5nr6HxbSwtCPZacNTUxHCQvBmstq5ximd2kgzHm","17535268"
"H8QfnccW7oNj3HsvNz9mCkGKWgAhH8pd5L2ooisSj28U","16957383"
"5nCXyWXNzZNDYPWy6WAuM6ooe9gTNi26AsshPe5qwGhw","9865180"
"FxAXgTMprmeCZMjcJuajixzUfDS3fNCjJGsPK59YX2wB","17638475"
"4aqTS9A9CKnUmhZdMGns3zfJZpQLFV6D4jY9xwJhi9pn","17044576"
"7x7whd1j19a5W2M7cgaQrCLp4i7oepiDYKSKMBwcXok9","17130317"
"EH7skBruvHcPyT6kZkJTjb2CYCLmc7tyHnFWAD4qP27k","17578062"
"7UhRsNDWbCsV9TRB4ikZYCBP353CSagnVD96PjNGAUV1","17907165"
"E7vXHK9ghyuKQ5CjaYP1SuRhB9rNfCRmWMgTnYUqDhFH","17542139"
"GmWQejjdMnaMpmTs41Qa44Hu52ZFi12BHN8HvP2ot53d","17326802"
"Gwopqf2ch5pRkfhDyscj97FJEecaimhESsg1Fs8qcSF8","16973406"
"C2G4SpR9ojpZ7mFi4rqjVmCdvYmhzivF1qYmNKipHMH1","17330446"
"2YkAkRpfnKmRY4SZUuNXJg3P1qECjZ2LDb1hgSk4qhPy","9920074"
"4rWefoN7zKLTCBXA8YhjRtMjEjHiaHBtpvgErH1GRHsY","9921934"
"C72MqYpVAekKuFYfJrmV8h2TScmpr4cZvu1agqfi5fiQ","9921934"
"2Dg5NVExQUMLKCN42H5KQCKwXXXeowGnw1YpDh3HKTiu","9925933"
"2rTwVkz8G32zexHAMnq7xCm7PZdg9vt2WRhUnSk7EUU1","9925933"
"BfqKEBDGmqwuVyF8DLZ6pPLUpNQ8FXixaQY6QqxScyHF","17372500"
"AYd5LDRcXgmpe54ePxLYpMjxL8ys6RTfMPH7vAUmpUtT","9932422"
"A24Gk7m96kiWiB8Vrp52MbCDD3JXqppmb9CXAjsCzgP","17335379"
"EfvLBQVXX2mRaJCdgDttFzcoFQKRvPzDKYMbbTt5GZQB","9941533"
"7duCxKq5bPdnxsfFkukBRbsA4PYh6AUvV3GGyMqa5XGN","9941533"
"CpEwKFQj1fpN48FFiiqWYSYJgoAdeZFxYQFtJvXvtAGg","9943005"
"FK9P4113LGWDjaLhPaCp8v8axip5xKHwJpK24oNmrqHW","9943005"
"7bUvu4NEcPRgsk7d2boEZPCPKD9ypdMudqQ7Aiv1JDQd","17046941"
"21NFRKPimGbRHMP9FzFB6i3PATNqxxWmHZMAQW565gmp","17337112"
"4xJZsJHnvrG6Ueu1SBHvzmXz2hz3K8wpTCVSypHNj9f","9959633"
"CW6DcSfcwREk9QUrZM8kUMKvUH4CwWuQX6DDi8Q8tRXJ","17065222"
"HD9iZAQKKD7qfS8xKxt96S1N3zcyRqwjpapo86HZj8ip","17515798"
"CMVB1VL1sNeg1dJBcnBFZQnvj2ceWWiFG5uLT3vGzBgu","17073489"
"EJq5rzD8rw5woBQ7zMAyw4D9ncidXdyHbj23B8dvpJ4T","10000000"
"9XxMs57Vqk7bnHj61KeF1J8n9EB2LxAF4SLZMe2nu1ua","10000000"
"D5dm8snbrgkh9Eo8NEPNBstCufJk2VqXy9QQpgJ8k7Pb","20000000"
"7Rf8zMVTJi3pzFRma1GZLEUh6LpvLkEq55gMQxhtHA7i","10000000"
"7CxbH3Dt1zWWQJhaEcobKZuyrrPjgG229s3xr22r7uP8","10000000"
"6RBxDusQiCd6fU9N2uA1mvewL2n6gkBh2eMSfE1n75AV","10000000"
"2P5pKqqvqAqFPHPeqXe1Zzj18HZAgUJAGL8SwFGqQeE2","10000000"
"BSBNMbBsMBaVQ2hU2tfhDV9WaMLkiw9ATWLcycgGKQ34","7838573624"
"HYcS5SFobpLMA1JzAp5gV21ioK9XPy6s1vUYg5cqmusJ","10000000"
"Fr2tZ6AEPfL7DosnXy6RygLhENaNeueAAbaobds4wdGp","10000000"
"5rCTcm6GuU2QsdEz9QZnQzf6WaymSDQ1XCVyMrpnbGRB","10000000"
"AMcmN177dVY9KSJAYhbN8CxESr84ztu6ZazPaP2cUsf3","10000000"
"22Qcs7eEwgw2Tt3JJteWPsqizbN8kjNvVJrK2wdyQ5cM","1010000000"
"5RBEJLxpTnaGFvRjFEB7wCEzfdTVDQNzQkMa8xCTq4s4","17604574"
"5iY3Rg3p4Nk4XzBFr7MDcYf4XJbuBdTWjMTLDzC88dh2","17077622"
"ydyfAtcAxEHSnt9U9ZdWyvh77xpoqqkNegD6VNdroiF","10020775"
"4mnKr3YpwhhXJKmbZ4NtKCBTagp8jgeWg9Mx8jfLzofF","17374341"
"9urv1Rxf9RjGkphpGRfHWUPLLXaycnSA8Np46BWqBBu6","17406721"
"A38pZnovsMwZdyknCArczXwjkQxXQ6P7E6rkRsfkdG4t","17354924"
"4wbDYWMozzdH6PJZF49ZorpPckmBoMD1D3vbdLn3jm39","17376235"
"2PSTYir7RZDSamgB1Et2A9fekvruPKkaWWECA4GUpV9j","17315419"
"8SwasHH7HAf19DoyinJuZB97kHbT7coqUqz1oRzCr315","17522095"
"AuH5Y1U89W3im14oZ2yTe2YSEG5kZMXeoJ14dpMvXjWF","17363961"
"6VwTUg9nptkpwDTxJNsw6GGtnpH26xzWPguX7c6dS9bi","17360606"
"FNFR1jMidwyv8qxF6DVaZisntbEWdn4viKH9PhXiP9dM","17316141"
"8G4xtUcXTxtssfaZCyLXPqbyGLjRSdiCKV8fQPkGQiXM","17359901"
"3sZptkNJawqXBACHxJJ9sgR1332Eqg6MwLSvuR9ZTEA7","17564716"
"DfWPhH3mZTWsaD7UHuwNB9TVrZ21LP2Jsc4oYv1QE5An","17093635"
"C5u5Bhu4xXxA3WGZR98ZKqrJHQgeuh6Xp2sRTPtz3xtx","17366676"
"5dt3Vcb5agGobxHcoxG4fpmXdyFk4izmGC44bV86ZauJ","17369858"
"2BCF7Z4NWi4R9jQv8pUtx28wg16nWNRz9WxfhYfhTSto","17326093"
"BNpM7cBi2G3H35HNxbeZEQe4MCe5UicMmagAm1xvwQTo","17374526"
"GrFaP9wFXdKTC82DG9XcYfBsgxE2MttZxcgv5hCvnU6R","17368957"
"4iUcfcx8cMKbNyqyLw9Aszte92ZzqepzW6qUgX1EXYes","17390490"
"HJfSm2jihhBJFvWvLXxf5aYQLTo89JcNQbdUQPiDZ3Wg","17372256"
"FDFVrVudvYyqu8rZynrLnJb5RC5TifmwePKtKAZKeY7X","17320885"
"C3MuG7zRdABEq1HD1dxHCkrXMVa2qQyntPXSEe6BeF5y","17573948"
"EAwQoTsXitmvFdNNJXUZnm1GbtDZYbDDwgjn5sLaNcQs","17434518"
"4Vpqequzz39xtkcqRGUdHcEoe5YNSqvsPXpiy1knx6PD","17115519"
"6GLFfubY1A15MorAUokbcQrtw2VtfkrvXw4mKG5qz4zW","17549078"
"37DTNokFo6sXgWZVCRuAkx6FBcRHwjg3tyK4ofgABaB2","10139887"
"D4i51rv6DR9oSNfSXsc3M1zkPegXwBoiCjzzm96H1YeM","10141109"
"m4ASSGJgELXm4iWMJ5YJE8Y8AdF9RkTn5Syqd2zNUCM","17428290"
"8CKQoL8EFk8qSx831GTjF88mVeJpemnfgDKTFYLh9XMz","17111390"
"ALjax2UwtcyJPoZasVgyhrbczPUESje15CMKDrwYx6qw","17192369"
"DMSfGMAE8r9xB6mfb6Nnae4XjnAE2iBCsybnZo2mxmQP","17145851"
"zimKLPJYvWMFWsaUcT1KXB5njk6rfN9N2CQ4ZtNaufs","17384878"
"FyPjPeY25NyoGyUKJF2U7hdRWqhA2zYjVvMu4HazNthj","201234408367"
"42XBwSQLmXEpn3fgM2jdFgCUbEoTXEbuNrMJb7x21vrr","10295500"
"3c4tj9J8QwB3exFchWei43nBh5xsYRZxEUfayi3JvYgm","263596318"
"Dkz4VQFp47Q4qLS8vStynpDuUcddTbajYZH1PA21cnLj","10376143"
"9k7NPFettXBgZfJXBA6EsqkoAsKWeqpqnvKjVyrN16RH","10380976"
"5b91x4MyqLSATeQVN1x2LyDTz9W682yNDZtManh5TpqS","10416818"
"4aU1rEFSWUq7dxhR8eSq3SeavdDhb87DxLfrKhJzgSr3","10430435"
"yrfRz3TnePERSkbymh85HGkjjMgpeC4W3YgdgDYrNWF","10432705"
"3MvGKA1BE29voCZxaQD2tuqsf85RJqrVrTfM2HREb6gA","10470509"
"DSeaf7sheji3NFyRu7qtQQANLh9JKrjdXQjErKkbZbVv","10540203"
"6s1aophBgA4D9ZgSnxBTQodx5LkTesQSGXDWRChuc9Ph","10667642"
"J6ZHBLodnU6QGvUzMokSMYG5W8y3EFA4QtDX3q2jBtGe","10754124"
"BJJYTN9rJD16APZkKoo4bYn4MYCE6e42wp88Zf5opYYk","10803296"
"FQMSBGToAwUnd3WKyZ6nHB3qKU27WGMjR66ZmnecPjsM","10820364"
"3PcbojwvKQXxbk18uYfRsReHkX5dkCnj1xFqbAxs8cuu","10874298"
"2FeGhJmCLKGNuitMv2ghZwvZQxFFtyUqMTg3PrHCJYjm","10933894"
"H3JexvjuVhFQQH9BUkS2bMSJBfn6T9oLeCyfGFfzERid","10980361"
"2v8F6mtMYpTfR5a2DxiLmo2DfmW2YjL2GoDKfs34RAAZ","121000000"
"Db9rLzgsiQUxg71XLDmxfJVzbdKYyYecR9cweXHVfSns","11030401"
"Guy1hGxNZ7qfV2C9ZbsET94kBigiXSVE7tuKZWwiXUdr","11058992"
"3MDnRCTivMBX26QivUCt772bjxUVsy5rgY4ZG4RMvpq6","11098074"
"HSXcbxghLhpP4kP9gMEUt2JRsztwGZ8i3ipmaNiUQU9y","11116439"
"pzSqRLdHQ6ZW4Ph3bCDUCF96B5rtyAUMurwZs9JpMre","11138065"
"D4tfhpwnsNazEwyS5EwHNLDQot1QJDvkwCxxsvbZzDn8","11219327"
"AGiZ9ksdRue1oKpiBWgQxm27QnUhD6JRzFfrMjuVfFGG","11275505"
"G9pXauMTtNz7WX1hvDryi6EAfUd1qKTtvbDu14BgaHgo","11284752"
"HYQ8xu4RVzZPccxP4gXqf7vSEmSc714U1QwwVfs5t6Da","11296197"
"21oKHd2K4XZ9iQ2ezntWhp7wcHefi96umbKNXbyDQ8FW","28461874535"
"DoTDoUm2yABiYi6rVtQgy3LBxhQWifrmUAHYhsmvywwy","11394814"
"FGFgiVKu1KyT4gXYuLo9xD2Y7Pus1fqwkLyi5GFPy9mk","11432180"
"8ExkgnHDQ23vwj2xvx4nkCfrtXU1JfXJLefnwE4e8Tgy","11593143"
"4wB768E7e1123S3evM9kAVM5moE9iCXGtuPME9w7YGpA","11598694"
"Esn2xBJix1L8rxz3vRHpWhJZJupGdXTsmM1uQZPmFnAL","11666327"
"GuQks44vndqwshKsfCttpdZA9CTRBbNGd3iGpnSr1ewq","157222639699"
"sSJKfqCasUoFYYZYjuKxPPJaziY9ruYPzdY8bqeW6sQ","11867692"
"AYhux5gJzCoeoc1PoJ1VxwPDe22RwcvpHviLDD1oCGvW","11899377"
"27PHpHPrntyFaxikzSH9KgfDiBXofWXLnzPXMpGuQ2Qk","11906320"
"DMhc3ZjA8RCjwdvzK384oA9gPd4E8p1UDzvcUnTKqyZS","11935371"
"H6AZo66rjtkSVm6jXLpN6o2HRXNZZDX2Dr7RnEENmtyp","11944684"
"3eL1VK24SxyKJ2SwDbwYCUgJ2aeyzS68Vm3uHQBBgFNH","11964632"
"4rsFd9BEW3Uf6p9zVF94XRJkA8XG6x7j6bFPrB5jPuMC","12000000"
"9o1rBUx93QQa7YjHudjtr8NVggm7i2MEkkvKnMmWw7bM","59563545"
"6dmdnw8FSwygrtmxtpUXy6XHGxSdS8Zf1SNspwjDSPmv","24252430"
"85VXg8wd9nGJrEgEir5RLVhJC7tV9G7QUeZrcpM7tf78","25556657"
"42RGRU9dhnda5rUPsuXHeAUzZYNAV67abvMKPmwQXPuL","25596363"
"2fTCzhDim7AvuCBdp7mGcjScvrpaBSrKD61HaP5K4R8C","12207154"
"2aBA6g1jEAVjpHeEG4ypEvCyKwUKc6bj74kg7S8geWDe","25550864"
"FhSvcV75VzgoCKj5GMeyDG1f6GxBSoHEg41f2gW8DTF4","25559416"
"Cm1MaiCXKsqxqeBbdkbwkP27bFtJ4k7wA4i9yBWCCevh","25723963"
"EQaXWhMPBnfAiXtW5CtzY5JsWypPVmV1r9mvCKNPsRsx","25593416"
"9d894vLFUpKk1ngxGfMcJJ8we6NAEEpP43RxeRimHbrX","12331723"
"GFvU1HvN9Zwc5kVc3NKmeL3cUuaN7Gyuz2Fv7r5NQTrm","25509852"
"CKPNqUr4oSfuqByqZyqwaW7rw6XZquufGSVn3L9THPTj","12354271"
"93MxqvDvCdzQts1QpkAWPBj745rAVXqfAEyU5JvvtAj8","12361598"
"qZgoMhFB5PvGrfHvRe9e7MpeAR2skPoKdDrBxQexLa2","25715516"
"DJf6UrMSwCtx3JYADbW5fPaAnt7m9e7XvAmNCjrp59gF","25606542"
"AoZ3zbWnD3ci8fu5uDKLFuMzoTYiUzKEY6EX9tEWPWYq","12457588"
"4SfVpUqpnz1SGALpbyMXNbhCLDNH5UuRGRzJczkLDG4t","25531648"
"EEfi4zDEY9PKS48H7dqo7mCKnmwuPGKeHm45kmQBLk4R","25680346"
"o1wWQcnEQvaHLTvNg9xU4zz78P4haLvXuh3zVuGbKrb","25616717"
"Dzw1XwgfXJqaU1GqtwjBKQ5Nb13zBsM43X6UpCGb91yn","25543283"
"9MoRr983ju6S1nUHTX891H8t4F2c9DUAtZ6yqtjV8adB","25643662"
"HhbZodSXvDP6svvnLiRCCS3X9XLUX4hk1gcFnJyWU8LV","25685379"
"FKA3WXv4tpgmSxfDW37AK82R3Xbc3yC1LK4ECBUcRCiR","25671332"
"so1Speb7M5S38jp7sRDooqARg3RVL94VVwmJSBnb6py","12656436"
"BrKqPmHPR9fqzEwsiu6ruh3XogJTQ4VGbcCbAtsD9sTq","25574989"
"B9VXD2RiWpdpQKt8yYzUpArNtWR8jmo9Z8JNssiSbbJx","25695373"
"ALQnhmH2GQHmMJSKYgGfJJrqRBmkDYmcHhxS4jRD1wBF","25568496"
"EkcPoAZuavd4mHeHSoDTSjnppiQXAa7XSRrXBHGwZvnR","25696572"
"oXvquxrbaK1beKX8GDXc53BJbiEJ3cXfe5tHBHPFaah","25672869"
"2Z9qEThXnJ4isHh4shKg8g5q2RXh6nfhrdWJ5VpLbCxy","25675000"
"HTAezLyWtKuwCnavV4Wu8JAPK84RgozbyeZXrTTcApUn","25643892"
"JxEy8qpgEiKYxTPdzA3xpKDKrZvKpEJ79nKUa2ZjXif","25703687"
"7X523wHBQvxcZw9ixHhSYf1fCCCF2dmpFoZ5nzRrQs75","25730605"
"GbyWZka7DMC78TVL346ubz6785Y3WBj2jH9afMV6HJhg","25684361"
"9Cb7ThRMHGx9cj5r63rqR2ddudds1AnCh6b9VG3uM7NS","12875610"
"HRCpPvtTqS5vjPD5FzMhrXuGxtPq6XYQ4L3pgYEQXcNF","12877093"
"FqJ58Xni16Pbtshp5DYwXon9AgBM5PWXG7M4cthrv1TF","13012177"
"4UyvLARQutQ88psFbe6d9TkaFyVZzapkCLqRcrkdh59M","13016193"
"Gv8LMNNTsRRoPujyXXSKHEqHdQ3sgDHEqNXW86g9xcPi","13116146"
"6Tw4U8GmuJTS7GV4CZT7YR5KVULtqwRFBmJw1J8uuUjy","211163954096"
"AfQ1oaudsGjvznX4JNEw671hi57JfWo4CWqhtkdgoVHU","13189608"
"BHVxCyb7tnGgPjUJeckr9mKRfjiWuqxsGYxvpEAosNXE","13288033"
"5fBKseg7AFMpUto25ds5UbpKNm7TXvZaHSuvHZcEeBVn","303297977"
"25tKWy5V3aq8YzDRqVpsRTJBr11qJsAwqTprJ3nww54m","13492979"
"5hShDURHvt3WiBtiCKvGPAgQHBQXb6g5J2hGZSksC59i","13573013"
"6nyxaAgNED1qA4wPuquibtjhw81vsvTjzUxZeEsoxRjJ","13762901"
"G4RjeEoAQa92PUvqaAsUWoCwgAKcX8ELJ9Cd8kEeF5jF","13935512"
"FVnwTixcdHPGG1Vowt5PXyb97porUUD4rN437umgE1uJ","13997893"
"GKSENbALeiA4YxjyWgWneEccjMUrh1djui8gnPKz7kW6","14138527"
"6vDUgZd9aX8L6zJnzoqoKHhmSY4Fp4JQeM46dGJcobEb","14250498"
"E1n8oKGrWfoX2aPkZkAeCkkPBtRRuePigxTFGmF8PxYY","14269815"
"Z6Q6ASbgphxQSW6f5VLJC6sigxbw2N7cJMi7iDNumAv","26061709"
"ES5iMDNC4RuPH1V1mqDs7sBTp8x8hJsjyBVS2vkDsfyv","25906628"
"799HUbos2fEqTSeARZcZ1wE4nwdc4xyEuEourTDP9TAk","25995313"
"2ySo91nZCrh3K9HxEJCmt8KTH2oaku7BSygFtSybHPrr","14600255"
"7o9vSKxSZn2ZdcKqEYLSXZc2RrMitCPHa1fSvKQM4rWk","26009884"
"4L1C1CiByw7TPUpdP8X1wqWiwmHMKm6cxFdVcWPzYJAR","25926872"
"BX6B6BLy6iKgDxnwjVripwrB1TswfqkYLnzMRYgswxsY","14630454"
"DjgWQx2FMzJyMd6ZVpP5bhYMsqnSTqs6aHHMCxdvCMrm","25929283"
"8dR9f2yKG3bu9q2gFMwxamLfPzMkzfNT9XMXGVpMv5dn","25930549"
"6wUkqgyMwEpTWNWRr6wwCufs28YiaJdWw738THrHt2UN","26061175"
"2RuqUnWHNtejKfL7kHq67TMx2MNYHUiFj9kxYWkrcnVF","26069834"
"DPCipG6ywzQsCEfcxRcLs3WQoKx9CtEeVMvJG6FPNtqF","14718934"
"Btf1Bv3BTaU4Jt9LZjAswCCuzScB2z3EYK2iKQnhCG3z","25950459"
"DrioUJP5sxXs2y1LfFZwDQWHBMroyk445EZnk9AC3NQ3","26076230"
"6kohUWiNPVKK6vWgvFaBrjrKh8qBPNyMigzntA9fWzwZ","26081543"
"3ZnVxcvdmYfUwFNEvHUpbY5fodCA4iSFhoYDEnZepeLH","14748172"
"5yd9hEesccQW8pZjd7goqVaw8145TmDQAoCJuHSpkCWN","26113081"
"B9r7umqjEfmXyF6ACK88uEoPvSSwBCLSeN4LAhmAvrMS","26149950"
"AfrhPbLQNYFXxesLxf2rPN8nteA7saQG1fBkQjPcEkcB","26054601"
"FmSxjYCyK9FRYskMzmhCj7T1XaNHRSQkKD4hr8o8sit5","26123363"
"ENFrJtZUE6ABD5xKRzLjLUUHpwRkBU9dTEjDnYL5cWoa","14836772"
"GjzGB2RPc7SVknBY5qo2z8sRJMnyaU4xhfzzeTERSJdt","26054466"
"39UEQMyZxWaYvyUWpBcUmjkP8vRspn8K8pf7tsWRzZBg","26057635"
"8g9Ak56UBYPC9mES6we13m3sQZV68SnonT9Q4fpWi9Gm","26058481"
"CUdXCkwhLTRZJVNATFwQrnFF5Ssfhv3N82ZKqhKb62t8","25977438"
"B9SNr12STDyf6gzjy8c81XCjLe4vz1hZqmJnTdj14vD4","26143005"
"9JhUGKR3L37SErvtbpsELKinRdBDKyPoKtJJ1ZN2PsAD","26147556"
"9o1cBMuLeCtKUdUBnvz3zMHM5WyTnZnmbDiRV3mrThis","26165066"
"7hFrszv8PDzmaWw73XhqjQGthy2iMtDNdFmJBYyTsCSa","26111418"
"HX6EwMBZdpZZFc8pgxYFgjYeYNa1RvCer8oeHqbDWuzL","26122526"
"7wGh2hiLer7AnF76QhzjhqgMFkdmSyCq6ajKoJ8fJFt2","26009400"
"G458RZLXBUxER8jxCpwHs8t4mrURNTqZMdwEFrG54nnm","26118021"
"FMsuAGkBLEj88S83eK3sgiqXfQkKWdwukwYPUbL9L8ET","26006313"
"14ZviHpKbkobACv4mku1n3Vu2EjBUXiDopWEiYkFdo4k","26088473"
"GisWYeUTREhEZT23taTxuHYUFFzX3QpjQadgc8xQEU4x","15000000"
"Ck4sUv1GP9KyH4qyhkBvxhKPaxER4kqAcAv8pH9Aidfp","26135441"
"Hmh8Qb9a6DWJBBqcuWJpZp18DndjVgW22dCYK2ydrb8Y","26020348"
"4Nv21JiVEqnSkTs3gjaK6Tu2jfTvN5vjFmnVwKurZyqD","26030773"
"sepV5aSnjHea6kVSTQE7p2RyCLCeXh11WnqxXXDfvV3","26021326"
"6AQpmJRa7GpTs2fc5aWZZuu7748aDFGr95nFwo77DHmz","15067524"
"6Fop8Wbv8zu3J4oH7TJx1tRT5U9T5d45XTbjMSTEybTH","26036821"
"ERdEgZo1YoCAQxNTYLFNMuSrxsfUWdYKWb9MVdLSnBax","26173979"
"8CoRRJMnnRbc7ZRjddEen6tPRb7bZGdWetSHUqjkPTch","26175552"
"Aw8XBx3WyBg5PPahJoDbdadjpJyGMgqCf2UNHAxVftLv","26146660"
"GBaqAfYBFVeMZDXbbtZQrki8qLkRS6UT3ueR5txeSQr8","26184315"
"5RAh1ipvAw1AkbVhohUmKta3fza7V8vVWXnuxLyoPCM4","26152662"
"95RWsXUscCoHajzRAtBu7TWB8mgLv95PxrrmM1kPEW2N","15120407"
"BC87bQMTwh3GUfSnSLavSXof5FKnkgegQmvtE3qiC5kG","26053372"
"FeFZdRj9mdQdropxf7KFcKKMq2JHeZT9ee2vUzQV35mQ","26193077"
"FgwDReeTVUjYhvq4iui2or2KxMxnuDMwaTFw5xvgEDYy","26130660"
"7qJ3inT3voCPCcgj54HJM1ayDED6r1uNzPEyaG2Sx1ux","26168344"
"7LzdsySyDvzLKxVKjKY1RMnpD4GHWYfFrtEkzmQxKqJZ","26223831"
"6C5eczBp7gmtwMo681KrMndaM6PZYf1Qzjj5Fvr5zgKk","26174808"
"2XCDEpjQQRGdM75VNBdnuq2DwCA5j6BuxMTXjkWa5K7P","26068632"
"8aGdNtTigDdXysmpiaLdej68dcFWcjpza1CW6ir4kWYN","26063911"
"59GsmjUtHJYLae8TBp6vcxGcoLQJte7Cw5dcEd5Nj8MK","26237119"
"F4hunBQiwbe8B3xmFMEQTtjMunTcXaoXpRBvsKb4QvAW","26181573"
"EuLceVgXMaJNPT7C88pnL7DRWcf1poy9BCeWY1GL8Agd","15263163"
"9k7XNd9QYZsWVSMGoMxnseR1Nd9bX37qEMjmkks9KrxP","15446019"
"8esPJMNFBywuszuUdFGUBYRAFRek8YSLQPLf1r2L1yTw","971320376"
"4mS12Jefz2jX1ECuaNFJYv2T4GS5v1qE3tGfc9q5Mvcg","15636060"
"BrnMNcFz6EzjZsQM8xNbrTsJE88fyXU2X6Crar9QPpsK","247521500337"
"2M7zvdiTvAJZckt5FrmmJUuxrF9cgKsNguAW6ZL4yJVX","4007647399"
"3dDPRK6X4boB1Ggf8CXjW7ANBgvrGPoAiczWttgC2FqG","16036184"
"Hbc9w3tg8c7ugYTycSVntnUcNwLcXR7jeaXfJkxGgVpD","16567176"
"FoTmcD54V3cz3riRC4jnRauYqd5qYPd5neErxSnEPmPp","42444594449"
"429njzSAzzMaqqaFDtnk4WAmu1RLFMbY4Lboj2TV9vtb","17013351"
"5VS1RgPWEhpjQ6eUdAj7cWgCKNFZV9ANwbvEbjHLUN8P","17079454"
"CxER4P5w6ku45YYEBzyWdkszKqbft2Q2tZniWV1UEz9H","55003385"
"3DGqhsP5ksBX5pwecfzkwiPhihi4PDH5iuNx6CwSTXaA","17501878"
"CASuJMB7jQvpqGosu3D8gCNo8x2F1zCLzwYaNHi1c4Ax","17522665"
"GPWC9Va5xbgprKg7EybZ2dxm7EpGsnXKaAaVJUaWqDcp","17522665"
"HQJMuf5bFssNRN3cctCmiaX9zQbgrwo4a69Q47BbEx7","17858313"
"6SjV1knpd9dtRo4q4kxuCQeHsBSHpWgqw9YcW3f8PeCB","17864595"
"6sQioYidaNWSZmCfBZQsD1gWhgC3sBNa3sD3wbjCmHgh","17887462"
"9dCtcxBAN4vBFK5wu3M7hg7qo5udqsx1Pach1LqMApkN","18127022"
"5yfuSjgKRmZrhMESJ4k1nB9txHemPHX585vf132tKp98","18183949"
"HJ5WPhYqv26pruvZEqNkDRP6BZA2Sm1hrYTkfkEkcepo","18203600"
"D2WgrQQRYR4fhk4B5o1Xtyvfhq1W3eF9ZujEsrjfm5BK","18203600"
"FQQeMCStYnszvSpbvpNZ1epjRnXDjYrpQSaKCXDHKyF7","18358024"
"ERuMAaeBnoSZVPT9phEVbS28DUC1AVxYWepvU12g2QBx","18364590"
"5MQBcqWLcetDX8YeUwTCFoaaXJBbqEeDNEwdT3aFcQeT","18417740"
"Bo9AzNHpDchh8pww2RNaSoLCgHPHrqAuF1sj15quX3f2","18466318"
"GA5VQeRzpaKHPsvqTfJh3ziMnvbMSfg2Ltz1sRTPKHur","57523385540"
"GinJEtqinvHffPbYisz1jAtnZZoCdbDW83b2qL97NfZc","18626363"
"DxDNZWdeUSLcxmCnWc8AFQqwkcVkJn8fcEwdQazcn5r8","18626804"
"78e1gL1Y7YtyXtnjji4udYk8T6kXLEbNRkmZFGkMTrzG","18731515"
"H4eVG8VAk4pn9rBBP43jsP9JkgvEaRkEuEmTo9A6Lxzv","496231959649"
"Aq6ao1iR27XSVQU2WnihVQHC7XZqsY5quaaiF1yVomBR","18796819"
"3CdqEDjENWexnm35nskGtVy6ptf8xwJQ8yL3DGsf8jfx","18798972"
"HR2k6yFKd6NsVdAQGLPpFyvKHrckGzWbf9MhVUsCBxBG","18969864"
"CX4zswqhAQYxkheu1PxKtLwaE1SQUrYrY5JrUkfUPCSF","19077527"
"EcUYiPVwU8sTWLERqXqm2fPBfCeTEPMrry3L3N4UA4un","19113780"
"Cd8D21KGinV4JyA5oh14brw6tR1x528UdVfCiqWwzCXx","19132513"
"371bA3QdmWY3WADnfhmTm67ibcgtHPkc7bvkGhDmTPHQ","19132969"
"GBdGdvXBpwFsQw1WCMte5sQc4qcAzcR9PKEYxPg5S6Fp","19132979"
"Dm2uGpA8uYN2SYqopjbh7JQTk6vEa38CMfNQtvLwqKVR","19133393"
"EVr7pnPaNrmiiaB1oXckJ6EaX7cJvZEYovGtDQy6jffa","19135278"
"B7vQKzVgsdzTZzhpCge9NtqNjRLLswj1n2Ukw3N6tSr4","19153440"
"B9KbokHdGWDUJsfJRK7CCsBdqtWiVgHof2C9xTbPvKPy","19154095"
"AivaTmTreaiHhPhkBo4qjJTYSAM6ut587KhDxT67QH92","19155477"
"BgB1D7bydjZLndr8tn1hyAfqrX5cDeew343dGV254QLU","19179797"
"BUDQiwAF1cLn6x5jCghmX4LNz8pjCBqLp49fE9ppT13y","19179797"
"BwtYqR56c6DAqZWXyDNiACaihx9TfRrR1M39j6m7Leu2","19179797"
"By1Ayw1gCS8tyb7wgcarZYiMdTSVM8LnJLYHKqEyYFz1","19179797"
"BNRt2hYHnJzgqj42brNciLqbQbRFjBLc9hMRB1xYiNy3","19179797"
"Bm3cPp8YGGBdaFR9ne67avonbxM7tkc8SzcGbmT6AhNg","19179797"
"BPsjT6DkHADU5pEwx8ABRQPU6wkJhVHBeAPShBcpApTj","19179797"
"BhLnGJ2eVQTr3ZCw4aLUNg1voBZfJJUrK2guq2N24fDP","19179797"
"Brb5fNhFiacZwftgF5FqWNtYtUzXs99vqDMFWvJcpyvt","19179797"
"BniVCiB1aNbo8i7tqzGhhgKvmeQqEhoAn1GEabCrNg7P","19179797"
"BTDhb63uuBhonMcZcvwxsAAPjtaijUsR6ELy2AZ15gBd","19179797"
"4AkeMvvoFPCDcrfStySmb4wXH3DSK1dmncrcu7bC9hMa","19197395"
"EkkT8iJpPifrXyaKbWazsqy1hp8FW5eCTwrF3uxCEmnM","19233150"
"DXan9idhRMbf3YW217oHXJUVEJR1h5rgR76C3W9pKCZ4","19233150"
"EZ4zhx8Pv2SozSEPqbGAQWRSrmVbb4s2Wj5GLjQo2Z9q","19233150"
"EW7jeGChohQRecjHkcDL2AZNDL6aXfWxZAEX6TCXNidN","19233150"
"Edds5VfnGLNqro9FNYTw3WhzqdhN7cpo7NgQjMEhYS7H","19233150"
"Ens1r2JdQtSCuLbhLe41KCM9xP5nxZAzJ6CpjYLa1tbu","19233150"
"DRU8Zu2dcrU9SBYZHZSfLJCBxFSB1NKDSWpXWQpeEca8","19233150"
"Ejhw8V7WdubdbERz5ufMjwBbdkVx1aQW9fAkmhRBhudq","19233150"
"EAG1EDY6j2PStHzdrSHagNihACgVHhxyzoLey1fLECsh","19233150"
"DZCKzYrdEPX6L5zHYtczqxmxwiTMj2ZKCqPGCmbrcnze","19233150"
"EE6T5GYFbHkTh2WnzC4stjVT8HcfZ7p8tVAwVzWUN7Ed","19233150"
"ELCDgv3Zy6xpeCJb3xQq7GyLgVApsvECSX3MpUSEX6mc","19233150"
"EPYcdX5rbBoPUoacxJnhEdS3y6wyfVUF15aiGFykLu5Y","19233150"
"EhmXRy3FhtPwxt1djFPCM9psyNTRK5moioGmYjBPdEH3","19233150"
"DUURmfPRteTuwiqc5oP7b9draFmreFHLHRRfeNNEmrPh","19233150"
"DRMD2Wy4e3EQe2oMR7Hfa8XovPvzaWsEt9Q6ATS8WR9J","19243336"
"FqYEZbjnkEMmr3uzz9MGJpoaYyKiXcGtCdF893cjAJUH","19247600"
"Fd66rFLgNihvvE3GVPq3RX82SjsbuGMwU7WsQkQ3Pxt2","19247604"
"CCFJzL9hNHsXqgST2sLw9STCx7dwVEwnYz6n9NBkxMzA","19254073"
"9HJjMejt6YaevfEaRqKRKGeresS4dbneyNtYMpt9pCmm","19262581"
"4yKfpMQKSed1uqUimX3yQCNNiZhGDhkL7XMeje82mE31","19288605"
"75sdHAj55GVvokZk8o81HJLqpY6Dce7N77oFHzBhaSu6","19294760"
"2rfqesQvQHNwK3MeNQa2dGEBhKoFLgfrxKNjydjyJKT4","19313947"
"5CU5NsU57PpUCFkjDmiH8p2H2AeGRyGdA58EeuUxxNHM","227114219713"
"6TXggTwVnhiQbzoAkZ51uKYAVcJySmy9z3bfpaVoUi3P","19338646"
"hZjbmihU2RLDoTEo4EuNbdsUDcigsDzuYf5QzeWrZs5","19338646"
"HSgDY35a6e5rXyKzW8z8ZP4GPwe6TewNXxstbvAgHL15","19338646"
"7xeJBsePwDGewEQt3xyzuVMiEbNu6cXEggEriGJHgt3i","19338646"
"3YWnU4uvUXfuFWgc77mjkiZ674WbcKbr5RccxaqhPMaK","19338646"
"64jnX6Pd6phF8dLmwjJgvXxGG1qJfYLhgiJ86tWo1TjW","19344327"
"3paNe3Vu6D6phRUuR8fZ1xtxYHh2M7pRwC99SywtkfQD","19347100"
"9PKojSgmUiQKJXhSQi25pJztu3tCwQ9DXV3YjdiCW7d8","19347100"
"Ead1hcJ1tBJ9VkY3prNotUWrryVkSPYMYzkLh8A2mZaZ","19347100"
"69NMi52RepU6CizcHy6RHX7sBBA1Q27rjpxGjSyoEZh2","19347100"
"CPAx8Pf6x24Mq3BLSwjaDkeJ7rsEWUe6qqTe29jb8fXD","19347100"
"FMR8ZtsQxCWUfRMwtZzbAxB3YUrntkm53PjYo9SmE6vf","19347100"
"9t7cM93GGHbsDEfbM3RdVZxVEUnH3AZshsdkUPNu2op6","19347100"
"6N2uVEHweEzHKsUikkzR6sGMzL8sSV8JrkFNXLxwEGGR","19347100"
"Gm4qwcZLihruLAX2otiPJwe7UF1EVJin1QXv6RAqKG7s","19347100"
"GfEf2KscTqkBaBR4LSQPypZ4WcsCKzZ3dkRurfGmd8n","19347100"
"CjoHAodFT8b5Y5Yo2LwfG2qdj5VW8wn8hZGxkdtQKJQE","19347100"
"7xUbeKTHJGvagZ5132EVU1N48KW3g9U6BHcb9etw6kCZ","19347100"
"6Ly24jWcko4fFFFeBJh7iospWmrhXSRdNTbtR9h9qyw1","19347100"
"4qZzdS5EjQKvLUoaojJB3YFy4RNsxAZapatov6g9d2qF","19347100"
"5WkRKdfzaKv13wsjWrympcXYTBLUFGJC3GncSTNCrbTm","19347100"
"EB6QsfqeQcER9miwu4QxNKmrScVahwmAjBQs217GMSbj","19347100"
"GZsizaMet9k9ZKEXyjz5HBxN7SB4BsRPX5SNsXWxZwv8","19347100"
"J7snH36QFtA7wug2LASUjWdni3GnVFBTfT8CYS8WKLyo","19347100"
"Ci8b6eamKAWHzmQboxqhbBpMYGZccsMVAQTsYaskFKCH","19347100"
"BjQzaTfE4EpdNZmm6Z9M4DihtoTpt4T8E6vekkpBkNUM","19347100"
"6TE9m6pQ1rBx7zEER9YNae13yur5Y1bCrgzYgT8N4bz5","19347100"
"66xSKQhcH5vXHNKW8XHvqzD6mXquGdd85HFfgfZ1t1nH","19347100"
"GZ9ht1CEGeRZojyPmeifr3vptHcAP6VKwPamgjtaveV1","19347100"
"E4R3QP2HWDMJtVLDvcezRGqpzoB5fz99k9acJhFQCz2B","19347100"
"ARwSLX82rNoimQb2YsCu5u5p6TUhfQhTYmbQKdzXxuZ2","19347100"
"FCvxzwDxyANFBvcToawdzSY4FTMS8Y67C52RCwASb92r","19347100"
"6vLXqqHHVuBzLpKiVaXGEzPUiVHpeC7e69AFWBUgfiSJ","19347100"
"5MvwMAMLLtoDmYsoL7EZqz3BoBpN1bv2ttotAKhBTKZ1","19347100"
"FpSoqwYTzv8xWvVhaGf4Hv1rUXGADvk7xEYE1edVxQ9","19347100"
"9Z8bYHHTAdbz6j4nq4F4x6FRZ3HZ12PMcLtRnEu5axVr","19347100"
"3QR2A1Fgtn1B8wwSxQ6NL5cZTKYsn2KvbKHhvCpAWRoR","19347100"
"9E9na3ehn6gSVf5QC3tYVmrZVgRevgF99BoDiPBuRou6","19347100"
"D4doMyU9xTB4aGUVZb2vZxDVopw6NVHsqkx4741ypB5H","19347100"
"EtdF8E3wgbadrVW5xKSKWtUntLF1hiofW1h7CvmdEUh3","19347100"
"5Qo5QWwoL3JmwXjfBoGkNd45JkQYLkT5XJVe6yjgJHU8","19347100"
"7UmT1J5K6QRMRKMTRUX79a64iGZadWghdxqE8uaweKkY","19347100"
"CsqwkTNLM7WmNrUuMnZ2ou59gqnaonnPzV7xY19Px6eF","19347100"
"H41oCavj7SVNtwCeYMVdVwT7YqKDv478X7uZYbTDfMAy","19347100"
"DjhD3kNF8Kej6PE3opDYxiRdojGQPSTygXVYxAWhdD7r","19347100"
"5L9RYvXoeR81dBUq15rpgsGMSPx1NwtnAaLbZDnwLHfC","19347100"
"JPYTa99hUu17KEkjmUH9cMbVjAPout9ixWrDXwAPEgu","19347100"
"52pWu6xH6rFJBtudxnmhazqjBRhzv7aSHW5nyQZhTmr4","19347100"
"2qTvvH4Stmtgz7PjXX4nmnxj5V4N1NTH9EsRTNsSDQio","19347100"
"BPosoWbCRMxDxbderT9Y96PCtMWyFC4i5jK9rNtpu4P","19347100"
"h2uBhx1sr1iS77Eoue8xiY5DWLVgDTPutfvkTAQKR5i","19347100"
"CdkyvByBsfEVutu6E9waEe4edB633LWMH5Cnby2s6A5B","19347100"
"Cu6zKf9b8fqUSCN3NYMWoEEbsWDepBuYikZScqXmRStA","19347100"
"AtKTv4tiDa52h4d8jAKSGcPQmkgL2vBvtGvkPYphqJ2Z","19347100"
"ENouomacKCwrFdvRVQNDZk3srCYVovGkVwh37A6nTPd3","19347100"
"Gst1P7LE6t6HTiRvUTHFnkAor5FF7CLCJMLzhULremDV","19347100"
"i4hcmpB4ukGPUFADsVcBfV5EYFME95MyawPv7Kvc7s4","19347100"
"Hg5vtd5XNZXBa53FicG2ekDcUc3dZcvTWMxgndnXjEdz","19347100"
"FvyNcYWepR4HHU2swCj1T1D3tw25uGYxwrHMDCqynh6V","19347100"
"FFsmJjoe4yN9DvXEwe32z4wPKxsCtqtjvp6pLk2KydJw","19347100"
"FJsChCUWkBwtKThX69XYsWVZFeWAGHudZgjLRAUCBdRL","19347100"
"7F5BsVhm8DeEWKp5iE39BrhZiVTHjfiCWRDS5dd69Tgu","19347100"
"CwoQJyhBwguVQJFRESmes8WkAUcBLRCt1iizTDjokzwv","19347100"
"GXxeLzUtVduGw7X3Y7t5hEGFaoukw81BDe8iLzYSTY6R","19347100"
"6RUPkj8MJr9Mzo36XWnd9FDTkFNf1Z9P1V64CYXoRtyH","19347100"
"FjfcjbP1A5q67ttVkx8iiLATofYHPLQvQk7RzSRMokKH","19347100"
"4Mw2stdPZCotyfDaV4BDQR9yrdnsUJzagAX3NkkeqggM","19347100"
"5kyZA4TMMAYz1Rzxx6naaDmTLZL4PjvN4VCXQ3wr4XRP","19354870"
"6iVGut2yATqpfW7MZSK6fQjPGqPesieyuHRt47jt3PdB","19354870"
"8UpuA4WBLY4shnBhyXcohFdRyHDALpgmoFmr4qvgbQxQ","19354870"
"6LWcajzToJwBHRfiq13CPD7WhnEW3sXfnEFtSv3E56YQ","19354870"
"AoedG6sFob2yz4J5fdXwxBxiVUKyLpGQn15XGeqLXcue","19354870"
"8VQ5pB1Zj3CsJTEvRPSBQxMRoUD2iSFVHJTcspBRdTRi","19354870"
"6T1bpZCFB8f5KGNgiLeBj2LLzctX8BuvHkbdudaKxTm8","19354870"
"FEH9AcJYRPzP6C1F63H1gJhF1RrefYyhyauS6zCXFpi5","19354870"
"ASJUwuivRc8xtgq1315C6VenH4bxkaHeRsDhBDyDxQUf","19354870"
"13SnBhg3fgoMtisCPUJUUoc6Fetj5v4uqN3NNLFu841K","19354870"
"Ak9wPiZg6WBPv3V1AByaeNnMAfrqQ8z1MJzX9kvzXufM","19354870"
"8kJv2BWxCDUpfYDcANtybJ1vTujqNoZftSzpCG3ujxx5","19354870"
"4A5o7MyaoCZECAjN5Lw3UzH69MK7Ep19HKeyiyogH9D3","19354870"
"Dvhd4RYRhCzNxXEvyb1AUuVL3Wp3kGkmP6N9WDTA7Wm","19354870"
"G9kJUWAJhzSXy5SfRaexkuwyV2QBJUDZcdqyYoNnxscq","19354870"
"Tyxoz64yFhCJaYM8tgoestgtu1zuTYPrCGRD6WWY8k1","19354870"
"3t7pKFyBdKfergVuhuakH13kXPuHCZ1eC3EmNJMm1u3X","19354870"
"xTb96bqJMHM4x6ji7D1Ugx5KWR3jWsEHXPJGvmaWryC","19354870"
"F7TfRhkt3EibwgxWhmZTtjKcPc5PXLU1kYHpLvyqLkPe","19354870"
"F8ByV9dPtupJhTn6yuPaV2CaTdiijeUNNTFxt4QJz2qL","19354870"
"4GNfzaWyKwst75MayEC2kDGAPiv5sufwTrWG7QjR8qx4","19354870"
"35oPQsC8aQnsaP4o7poGZJQ2DY7KeUwsNc81eXP17aAX","19354870"
"BmSaqwMtmhyZBonGuLZtSTFJiRUUkd5yM624fJRLLGnS","19354870"
"6yYrt7Yn4sKhqT3rT7NDX5dM4Y8thrNNahRMDkGLiuhs","19354870"
"Ei9XkekshDuZ8KpfA1BAzuXDk3ksHG4beAgh5e2a2z6Z","19354870"
"EL6ofck7F9ivnAWroCSCZ5vDbhn16zp5DRwdrYUzQU9N","19354870"
"7efSQLQVwSCeXPDYxJwi1iYsuNp1wfkJmWzFbo9H36Z","19354870"
"FJjeCW1uoDYRLv558z86WbVn8Hf56j6s5fis6oXNN7UY","19354870"
"BTQX2yGCrsaHXByJ2j3FmoEd7JGNuC2oBQvvGcvVMs5T","19354870"
"4nnmBMBpwMV351CGFZtUXnk7LDMG3qeXfXiVg1QA48j4","19354870"
"Doob1VGYULuPnQvSCVhZFSYWfCC8Hh2aGcuHjPGKCjR2","19354870"
"C4ja5zve2XfaVYkC6KTvMJ3JrBomfNFdzCRJ2vovA61g","19354870"
"BoiDhCnN5of8B9X9DxWy6sD8H2jVYXUK27ghdXZGLP6J","19354870"
"4Do88UgPkGGtEEYuJxGKCA8c7QFQsW9oGaJngoWFXwMZ","19354870"
"2hNTkYvHJ73Esn6onxB38jiTMtyX2DVTKgM2tffhMHZy","19354870"
"5VuhcWYeYQ5pf9ezDiCMFqFthUjoEeQVxFBfuPPVxRFU","19354870"
"CRAXufhm1zfmmBpqKqksxSkR5dfrKqEboQSjDtGQu1fv","19354870"
"Fwd36a3g16VSac2fjjm8ySPdC8fjQY3dybXcQDdrBf33","19354870"
"EcXSx6inFNnUKxMVD9ZoqjVXwzM1rnvi2Y9AcTni1ayU","19354870"
"7n35YCHMqDh11M6H5RmKQJNJfF1dLHyLS1mCcgHQrALL","19354870"
"HmB56VWbq1fQeQ959xaERtJxA1R4cifSMrpcDFpNgbr2","19354870"
"2iueqpBT6uoikoH7yiz8w3qJqDL15YUz1foUr6g36ko1","19362458"
"5mk9MzojFrBC3SNyvgi3aVt8JGsTQCfoeEcP8CCSFJEy","19362458"
"6G5j3viJGtMm18Pro79boZUGNEoeR1jFWVWKTMFcyqap","19362458"
"4Au4TjYMVXYdVWdf5gHipa4yGgq1JH2KrBZbQiHbNFgn","19362458"
"918gwznEga777dXhFyiPAKH6YvFieYcQURonVxa9ShsF","19362458"
"4g6YioYz1kR17EL6hcYyFDDJZVMrzMP2tGv9zY2tMibf","19369204"
"67wbjDJyjj4QonYzT6YidVGPJF7FuXYqEV2jipS4ffpF","19377655"
"EWUbSm8Jut93tLJBeeFKrFfUxteNwCNfkmEnpVLztH6E","19431062"
"Du1JieaZA7o5tSbGZ9vEExDqVvc1vftt9KSSPxYC8VBn","19443045"
"A57UpE924qib4dnfxYSAeLMJE8SxcMSmWoLR9bTVBNma","19446635"
"4gKYvTM51HzxLh5s4Xuiu7DuB13WgKyN81N1Cnuqg4XC","19573843"
"AgHPWCfs5qeNVPoR1nyZB2fQGhQmWdSr9meLbReaXxwf","19573902"
"EsZ4QEg17gosNtujWzWRnK9rJFUCLCRjQFBERPEreWnT","19591593"
"5ULVv4QsVwBjqBXGKc68sUn9CUyR76vhbjNAQk5gbr3Q","221825147857"
"Ca3DrAXZENVwRuqMJFCH4utkxJ9Z12CuB7BHmvfTtHEy","19602535"
"ARJTP3rEpGoxrKuVDPbpPy5AxPKAp8VLGihsb1tcNW8e","19614950"
"4ZZK2F8GxnkhJ2S3gPmip5hMMo7NFsKPmV9GU9yJuUo8","19660031"
"LKnGHsjr7UYBXnzfbrz4k6QotCz56rMQTSiVwdRSyL9","19696296"
"Ef21PpJ7XSznB4zc3VNaKY1sHQy7piViQ837HmpNVSMk","19727331"
"DnrKBJxfpQpMEfWBwR5kyB5sbucnwsbFvVchrgHq3A7z","19741833"
"A26UztouFwovdyMMGJcvsrD8wGaoegHvfdPz4bm1BUpt","19748515"
"AcenVkPKTc2MZgnGcSp4UsmHHhc4LFQj52RseqWiyGXs","19824609"
"8T1wnRYrzoBUN9cN2kg5TGd75tXZciCo5XpP4FqsWLE2","19847736"
"6id1h44ZMLmNWathqxdZJZToUH2hhrpmkhXrtvjvmGWQ","19894047"
"FeMF6HUae73tkQcNJimEvgGo9q8PzQP5rk5gJwt4Q6Bf","19902543"
"nkMSQPNAQNDTkAdJSgknbmUmceoC9ztNXVigu7NJrbp","19950425"
"AVnGmaipfCn3PR6rtzA68RB5K8HkKVd27HVqPYxqXETx","59048085"
"HUyRjn3V78VXXUvbniFqTypARQ4dJ1zyjBG7iGMbNpro","20000000"
"6RL5r2zk8AA9SXSh7baB9iTVjprxsKjQhcsgCK3c3sYr","20000000"
"7GGbnr4qZuuWuXB8zBW7WUyPJ5LTLi7difPSQPEws1Hk","20061130"
"4ikMhuu6k5o7fbnK9FMizUqYK7ZKmgNLa4tT5Ai6oSLv","20204105"
"9UFSwhPVQiaYP8ThkEottYHfuMydkbCMKu2XkstTi7jR","20390558"
"Faiw9qfXjuDYpV7pkgjquPj64nU88aQojNQ9Zicew9Ro","20826382"
"ENBYKnKUXuVcTw95oR6zW16v33bLkupycMfAHDUBiNFP","20888754"
"Ar47rGCpiYNSJBVcowcPam1EfiBWWG1Hm93bVxJ72FZa","21212409"
"6g9icUcXRa3V4EoM1n37qXG8f2N3EKpCma2Lq4swpCc6","251495214"
"BDCgWSfUVTKL7ALVhDf8DeonSWwsjZ9m1Tfqw9a2oBJs","213815802300"
"5sUsbmHqB7m4GhgvTGffy3kbE2Z2gVNhMv9f33jkRjqN","974992019603"
"6zTj3R7TbWUny726hCETGFqTHMP6K2jtMGMUWpaEfLvY","21685014"
"DUwvqkGNLKqy42UhmhJ2V2G4optDpMka4oKHUYhDxHd","21730619"
"46hSNuH2vcp8jUwD4fRoahiePwxKM7jASeuQdmF94JrD","21789505"
"AvWC1NEwsbKffT6T29HgFRpVsCjWWinHrDraxguKc7q3","21807990"
"CSVbxEZKvjqkNF9ffQfWrmGNCbk94bg5qnpBefKg2XGG","21900000"
"CrtzGJj5FHezPgDfPABoPAgqX6sxpQXJZVrYFpLaN7Ck","21954685"
"3Pgn8GEtmwQRHZNw5ieec6z4Nho69FgpauRs7moXKB6E","22022716"
"64YnDe5qmFbvTw7KZqtachwtwQtCtSuwbtHmc2ssRqNp","22104740"
"7CU4c7wDV3LFPsMyZ727Qnfr3FsK1Kz92s9Cs8dB4x3b","479756499757"
"8UKNrBtTnrRwVDjUR5fcRvEpHLKpxkVmnxp5VicRC794","22762083"
"8dBUkRd8WFx9faaJ5MkNndYddYM7T9cfSo2L1zmzL3Fr","22800797"
"58h9NW44eZwCCqjjKrN39zHhNhBfCPKvYEr8UrBfdrBy","67363521224"
"BzdMw7iE8zDifj1NTbkvrELiQoQvpFjmmyGLuR7uJ1pH","23459703"
"EM6p7PrKTJF5FU8FtYKbAekPnBEinGwYpbiBj71LG7r2","23524825"
"Gkv2ZRJ7ycqPqMDFa6bmaxxFncYgDrKKDD4xMh1SGiDQ","23550009"
"5hkRowbqV9sozTy9GToLYx9mh7iHU1zs5e24XYoAAUF1","23594115"
"6oBsZfP9owU51bK6Z2Qppd3qaaW6EPzRwPZed51R4W2d","23655184"
"FkskH3gNDpt4j4UPVCV9pU7PaterGHezfsoFixzhuvuv","23662563"
"C6wFLzBdverZ6wuryMFZRhcTc9WXwZn9DYTd5FFjCmBr","23799193"
"6tZX1rRd2xUGH9QzBffrUdu1xUXDpGP9aSDCjedThwwj","28075447"
"DLkaQhtAhetKpX5tdKhRUZ25nsc27LeqgcehpBq3qqTH","28077060"
"EkFdifaX88oJTSDxHtLnEdKbeue2eTFud9pgBV9VU5oj","28080274"
"2WjWL92gUZzmb8giYckRNif2tGtmM6a34sb1kMzkHTp2","28079996"
"8b9gwTxtbpufqnP7irYsZU1gJGyByk7sDkCreBkgCooY","28086889"
"F6po8qJwZimHszQZrVzSK9cKjt2p67ikQxLycWSYsTyi","28080609"
"24ZQ2f9XZUj8SHjXBMZitekC1wmXCRiEgYpGibUSuBiy","28081828"
"C3FATj3WqfTeE7FWdJVnERtQYvox9x4joUmfapBWseps","28084946"
"4e1j9Ha6RFXXPcxVSXSphRtG1U49zCLwNe6rZvc7HEJ9","28092940"
"65jWTPRwH8iB1zbiqh1gaHSzDxNk9yhRh1fsWPUvLG8i","28086499"
"5Ntbv6A27psHo4y9VinhFwTyf41m1SGGwUojLmcf7AdN","28086702"
"BobWGweEif3DVq3z7gbNvbhhrCfVcLab1Xqn6vMgtSLG","28099713"
"DpfgyAPXCWoQPCRRmnnYPdLp1qi6SBEJfvEPtY7VXzpt","24308199"
"GSDDgSJEfDL3323kPqFqTNLrcsW5QrGYz7cPgMuAsTeC","28101009"
"TSPW2M5gy7BfQWb7PkyZp8hWfx4uqaMNp9ix2SiHMvG","28102423"
"22PtX7em29jGviLYgoxEgKFKVZn3Q5AnDATBX5d88p4W","28103430"
"Hh9GH1bobdxgW7aQwwZ5kypXasuY9SRX7p6UdaPtaa36","28103836"
"7GJif4Z8cjutZxcV86n5EWsWG9VxNXZ5qNvCNyvVGc1Z","28100716"
"7hUhgtyB6bWKmMoaBnhPnu5hsGUmKn8jARTfTUkEQ8JF","28101719"
"CFsxktRnThmu2smjeR6hgfGfWZW3ibGUWN1XjEJi3sCc","28102139"
"AYCinTYHmNX3pHYv4beXBz8pxYqmeCH8Gx7d3SS9rJYX","28103358"
"3ijQUdgQdUu5wMPJv5GgKz19K6S6ea9y9JJJr6bydV4M","28106287"
"9hDhCXV7NysjSSLaAH6A88ZvSQY8ERJ28giNuo7QWNFn","28105590"
"6W4xjGGe39VACqJCEatLCfZiKiBRuf1UZPLRmHe58ZjN","28116686"
"5yMn5VcpHn3R7EyC4cuoghWyFVxzyLHxTGQNA5iu3F46","28110254"
"DVrT8AdKUaP47CFNqd24NyogGBxvKGvexT9sctAJNJP","28110859"
"2ypq4x3f5Xt6eoSLsecioLukK7FPWiXvQ1VbwCg44yEs","28113297"
"FFGi5gwZDywKpxtWEHveggBdCfAiyRVxbkQtiJpgEtEZ","24408656"
"8QdQX5xDLDrMWnc5UNm1kEE2YivfJT8R5ozVrcRuaQUk","28115138"
"9gsv8BMqwf2L1HNnGAr2gmwkAXviLhbXf6Y2xy57wfwB","28116344"
"53z3bdPW7c4DBn34U1TY1rpg4XRuHNgTV9jJ51Xppt7k","28116547"
"3bEWsMNjgDLUS8K1fQgeRLprYB4XtGWPLRuMHmR7DfXu","28118432"
"B4K57hyh6Qr3j9KccLw96M2AHtUAXnkbQMgAZw5uyXxf","28125557"
"3kFaR4aJy25L1fw5BMkQqc3Dwj7KSw4chhTbbCpvBmr1","28119391"
"F7P3etZrrvhYe1acGvH8h5V9X6xXQhLTpc943Nj4Qp42","28126023"
"D2Uf9ieZPGTX7VwBqKo4YESmzC7RGK97D5Xg82F34nzr","28120826"
"6UWBQ7WbkFUPX8fqQcNfsHDk4CXTAgVKcynf2mmjyXvd","28128242"
"7aKufK346f7AmGCheDPJvjjumuTSxKJhGsMX1TTF3qtG","28128444"
"EM9zbf5NZMrD5uFcHrgReRJfXqGgXoq5ztKeQDv45ftA","24490105"
"7HwuQnUW46aSpqSbHDGZHmy2myuK5h4He5VtxAyVVb5Q","214773349"
"4HH7HVkp4QNkTupHRYR3dMFHLzV84Pyk3hvmaBmTWdiN","24885777"
"E2NfkrYbajiKUKzZ6JMmKjZppkjzkWS82iWAUxhdxQyv","24981170"
"4xqf8enaj57TnPkEsY1GPkPELHd8whhRJ51wrhQ63be9","25061310"
"Cxz2w64DRRAeJ7sdR4qCtaUxEB7ybByAQ8SWno5qvkhA","25308234"
"23akdLqefTLBfiNChAaS8qy2x3cfdTftmwaPbd8si4En","25500719"
"DQQMG24e3ND5fhmP75UcQHzak3NeC7d52imsQhy4eBA7","25835500"
"goodRTLNjkFbP8WmAxPeutixwftKtyM84X37RmZjkss","25899159"
"HcCVtUs1nKBe6v6b4czoB9bVyxiq2vsTEygHJMBwQeU6","995959938"
"7LYZX8SHVZRyc1f4kH1BU2yM3MbKsAQ3LHXHtdVXrzwL","26137000"
"3dEJdyLqrXp4xcnSYP4SAf2LsdFfAQZd9AfpvgV18LjP","219094751557"
"7xGFpN4A1r1aJzSjePeNCykhAYHUMJwHx7gYXAoRLKef","27305400"
"CDB5mDxYAvhzEdb5rG7SaHCSv4hLAEeuAM9ZMvTjpRuP","27332946"
"X3Hvzx1bzBmcZdqF65PvvMrEJpXA7waMZy626LZBWaK","27369041"
"BkR7Tc3kdHSC5rWtaignYjUMnzXHmBoQFVW5HnW89sgs","27669025"
"9eqJTKJzmAp1bjPDuSQVriVXbuZDdcoegk511b23AMdf","27948207"
"5dPofa5NvGRy93rNGesu9bdKhwFeL4ZYdrGVe9PNPzAn","28005683"
"ABd1Usj7oEW5jT75FhwEs6LCkyuLWEhqGNVK92TC4sGT","231796749695"
"8GxvadSZpvj51TYTfgtFFqLrd4bxp3FJqNcD8S6nkGpq","28325722"
"9iomkpzhd816SgJczubtaurptqZwF3ggkJizXuzh6N9A","28456216"
"2Rw9Y75iJofx44jn1Rgb3w8KgZhQ55Fe3SdtpvdRJYtT","28474357"
"7wfKnyFBrDFT6vLFSNZSFyCmAbV9BmB3ENH12MNfARZ4","28654939"
"9mTriyZZhFHWXY6W5sch4bs4vpFxb9rrhrMFdcCqNrxr","28833997"
"4hRfo3q6v4JKUd6djDWrbvfdpx9QH9pNDxbgq5kURcyN","28966776"
"3B1JNcwMEm7QgWadCQZbyWbug2ZfmnpP3DGAzZokDRAM","29059016"
"A8RjUYxGSo3NVrh1NJBkKgmfVV9sepY3WzhHnmgSCVS4","29059016"
"5xoXtSPgwCq8ZbrchsjXPecN6svVuh1Y6xCgqvoRsdRB","29059016"
"2eZYh7xht9gLSz9VTNYHpKgphSuDRT2iJPSy1hu3pSqC","29059016"
"6jX3s28GtbzGTwbpTggAUZYDCndM4A8g8MA5d1Fvnpfe","29059016"
"56ARR47e1GGsS7iqCfYh19SpWk3bNnUttFTVQsmN2kB7","29059016"
"6Ghou7pTDJnoQN7tHnFzgdcUNXLh5piYEaJ65QNwKh2f","29059016"
"EoDfs6M3mNKZRBoHmZwTK3kJCaSAFhbhddi7tSYc6nmJ","29059016"
"24P86ipyKTEyuEDhid6JABsXewrseqQyDoycNzeGa7AV","29059016"
"EWMrqNguxj3SCuqMbU58wyBarGw77iP9oDFHehZaQuDG","29059016"
"FGzWvksD1a3esLCkyhhVnQQFKjKG6cAqwTh9v2jCgN7F","29059016"
"12ihKBao5p1WMiNVMUQrWecXCTtzHN53WKNyBXdoMe5L","29059016"
"7Wvy1YEUnTLp59y36Z6TLQ5CkHaWt8YwudzznhbR7n3Y","29059016"
"5GGHMZaVaxPrq7jgXws7xP1r3Siy2VvMETYs8eWFkS2B","29059016"
"FHiZ4AHroct7riWFKJodU2cVc6FmtrF8cJVvGAEwDP81","29059016"
"4JhmzGZGfSrnGERwk6DRQ3zPqQSKxEYcVMnXz5BPDN9r","29059016"
"HxvxTwUCCa9h28g17JxaeYmsFTmKWcVrCQMTQmxFUxKD","29059016"
"ocFwxHo9B8Q1s4VienmuwYEu8CndBPa2WS8vqNqk5G5","29059016"
"2ez2msL6T77oUsnyxCUBvkZHcePsLZCjJepA1kkbaPxj","29059016"
"AdGEuGshQb7xUc5GestjBS6X7SYnQJvJgVngkoZQiqYU","29059016"
"EryQeNCgXccWYsMmxZNtTuCgDGDTYto9MoDy8wUzNHd4","29059016"
"BXy67gzJfvp6ciFwnarovcJZL6KqJNe91WQe9fe3vovH","29059016"
"8EYT4t7n2eg2A5atuVrwjMx15AJNbaTLTdghDcgQazSo","29059016"
"361QKxobzePcfbuNNhfXE2xf7HZPDATBgZSuBCQ9pS1p","29059016"
"8znRajaRSb9nPrjriUDMoT2RVwR4MR6rvKS9pC4z8ew5","29059016"
"EKRGot8WFAcEb3JQxxzBasS9rSjhjNjHVdHYhPKqMwtp","29059016"
"3Yt5LnCKgvqBhLJ8djQz1DKmmFM3ZaQZdiWYAevHTxKf","29059016"
"EvCEjCRYRwdLu8ZmNTy9S559XweWfTxNsSUd57QbSb4b","29059016"
"8k5bXe6wpTzjv9WNr3ovEMxHJkgngABSMeTotAGCVgPJ","29059016"
"8foazg38J42Br97oxfYwqVxFCdW7JYZEsNM94TXCkWGB","29059016"
"7KNL4SSGq9oscH7axJjAcgjWMTKEuij3GgWEa99bW265","29059016"
"5feh86sg8ovoMPf2XTSr8gPFxpVqPKDqmDHPu2zLGPWi","29059016"
"J33dmLD1q1GGuc9X2U72xME1xxmqCptsFJoSzHLF1FjF","29059016"
"GGyH3GixXJE7X33mjPewrNSDwqtockibXhuEaqaXrV4j","29059016"
"5oM74AW9ayzaZMVNqk1Tev5suiyU8GyBorzGh6mzybUL","29059016"
"BCbErAWxteimtqu5CcbNJBpfr73sGp5RV9ij88XhbNtf","29059016"
"7EjPoTc27MgbSUK5fcZjLqzBPK8xEVG2YnRXEwq7yDFV","29059016"
"3pPEfE7qVz3CaJYpuvUUUUMc6ZMPCtDiu12SpVT1UK5w","29059016"
"4rxw39B1pMJBTZD7Ca2rWc4f2zb1GiwbM4Xm8tS69NoT","29059016"
"CQfUyMt4r4SNmozGdK8pVgm4gQw2Ro6BCQMaaW7HMfeN","29059016"
"cAyNAAQvYcKSJ3pHaFi71hQDSmSZTFyoRjC9Uu6HS86","29059016"
"51rdWAvQGYn9oEwhXLe587C54jkASXqJLk2dMRKeSvtq","29059016"
"8jVNLBFcFBJdWQmhDtukKz821gSgkoqJwGgMGajUXgxJ","29059016"
"9J5wwFwmc3XYmvzhGHKFcK7UuhXw5Lk49vU1TPhUKVxU","29059016"
"H46KTJTspfirpAPMJ7C1yNSQn4D3LBe6UiYYK7jhxnn9","29059016"
"57aEVvBDK4BpL1bHVpssBqD9raU3vhX7jhuimm2UAhqW","29059016"
"8vjkjWDt771jud5GAoZsg43v9DEbEpCBzpxEGoDV1YCi","29059016"
"CCbSxSZGC9JLviZdV5ejEscND488UkdKbmqBTHyGYFvn","29059016"
"6FMB4LBRvSLYjR3NCgfdv35D8rbVTH1TSQvHPfCcMG6q","29059016"
"7cPSeA817CNWZ7RwYLEsNHxyLV1M7Nb12QYzN6ZhFVHs","29059543"
"AqHw2JQqs6r1AkNteXZdAZci1TvezQN1CFNCZFoxR7Zz","29059548"
"5WbaAfu8yufWttnchufnUV5oJb6tDfU1ei3oUVUjhPpc","29059551"
"9M53dhw3d1Cro5KZeCFD3iXaXKnm8NCUqFnJcgFqme1W","29059568"
"7GAALGTRrqeYHFMJ2E41GxyeU5KjDQBxsw3tqgbiqx3i","29059569"
"FizMFXXQZjA62N7fBoG1VYB4SdZWbmTGvWd228LUpRT3","29059858"
"BSKAdGtuQh7tutZTtBFoN4V9jiasKmNP49K5nUYyJUn3","29059861"
"5dZF4QBYiTrXFv4zG4ajWBgmrAufivjY4sK2HmAPeb8h","29066480"
"4wJgReLZ4LQK2gCifRLEZT6nPf9Np985LWDUrsv4NuhJ","29066492"
"7UHtq3c4y3j6B8gALbFGGowX9KWurvhPUs2YJTnXwKPc","29066527"
"EighQnpy7D5cDbMARzNP8DjzF81LRGFmD6HWS172kZPS","29066637"
"9sEiq1EyY48uJzGXx468MaBfzKVn9tckNZAGeawewCgk","29066982"
"96bwfv7QCw2FazykVH9BGtRKqDQwLu2h5Bmbn4BvFTyK","29067538"
"G7aR2ixHkhKCbpJo2dSqErKbvdJfm3iVCvztvbMoY9X8","29067741"
"2T6p1csNsPcdfa17S1L68N1XAGMkgEYPuziZ1oj5SE6F","29067807"
"2Uf9t3EYLgr3m7pYzkunaqCCSJ2CZm1vHTNohuqtnx3i","29080125"
"FZZWvj1pmK3Kcbk23C954J3DVCkUXnhyDqHSDXKmfdHA","29240757"
"8B9UWgij8dLLBRCNiRKToaJNDR8HTFA32BesJwXRTrAj","29362475"
"Bm1Z6cCbcXmZrJttPpRFHjsF4pXBxXPQq9KUzwsRGr2L","29562064"
"7cNK8jjqBXHzuP8ShsdSbdcupmtMQuJrpk8RdrhdBmMM","29603420"
"27y95g1t7wgvgwo5QNCTAufoDtfCDpd2YmmvLRxPDy1y","29622773"
"J4KCQZQRYntF2Gv1ymjUrRvxLRUVRSDxdS6XdMm6UxtQ","29622773"
"8eda8TezfXTukP9tsJGujh5VPrbXmfBaRbZzfgswbdnR","29628215"
"F16yttdiXzjEcZ8LpexaAfcvNHw1U4t4LsxPjJEnRTCj","29684406"
"7oiyRfqRLpU5nYDuQZH4x5eyqQRMjkp54deVvRfm6gqL","29705222"
"DseCNYvJfi8ryN8bGKRtZEnkTuDnmWGp9qWbL1H6gWsj","29774979"
"CjHaeDiQChqkpHCsCqxzz6Uns1WfnXnkcF9i64miJ95Z","30000000"
"4ZQDyncYm958LE9xAKCrPMKkUYYiMWNCyNv1cFhY4K31","30000000"
"CibW4maWzo8wv8CFZ2HwSjz2yPqTBwuPoaJZ9fuRVMig","30000000"
"2fHzUqL17vSt6wVfpNTbyt6Xb7vZGP6mj8PTXGiKJPj8","30000000"
"EASnvNfZ3hUXLD1msnweMEh5pqFPcx6bqwHKaBmrWbHr","30078944"
"4cwKfu3KYuSW2Ek5YeapfA4gK4RzfeFf3JKXfMzKYw9L","30080349"
"GyBb1pyjdjJF4f2HtdHLWgP3BsEYXSoDyJLczreqq9CU","30813147"
"AGFkMmojS1kBR7MJuYhY3EYkLmMTwg5mGjKoLXchBPyE","1030828364"
"6KPY4DhBdctCuPsRWxeshwegabR3uQqHSxTVV82HqaDE","30957448"
"H8WbgnywjJ2LN3dyG4xpBmzJ3kUCZvNGsnEMzQwf17KA","31028761"
"4HwsxS1x8hTsQJXYwUDfSg3o8qyCuDRLbC8RCKhv6Now","31219165"
"J52PEMHiYXGa3sHU1iADrtB3ShPj2hQjxhcdjyD8Qpsr","31252558"
"4bmdyNeefjNjUrb5m4jzT5RoD3jFue8sGr55NTUKkTkb","31637788"
"HW5RSH36fBYg4tML68mdtEhFWpQEGPNHzdmHPk1BPuuk","214450182310"
"SUPR82bGgVN27hwY9MA5skbQ7273Lvuxfx8Wh7pG2Nt","2453790166498"
"6whNRoEuwqA5xheYaZqPxL6Tm1hDzoVEWAVgx4c3waFs","32333380"
"BZ5zb5yuP5Wyh3iAHHgVUiEqNTKZyjzH2YnQRPu8BhE1","32405617"
"4QjJpcF9dE77xzpiijMZcvvQS8z5bhq9ATRyGFVNdLJk","32440439"
"8Cau9RJNLuZExCDvgMwzKK5gcHDUAmWaB5ydGZjikHRo","33000000"
"DxRELCYps7oKCooGh2AVoqekDA7F7zRedLcqbjLwSUQB","167423145460"
"6SCtzjjzaUaSua4MjvggSaCebEFsMQbdpBYVqwPnAUpi","33845782"
"AUWg7Vc4QSQYACTx1PfmkEAbzXujStX1SoebW2tjMZw4","5134945779"
"53wz8Jm3F354Vmwsaxi14aZZi5kVnSXXftpm8bLkE6FB","34252439"
"Ap17B97R7fqNkhvsD7HtKXCwpjmX5oikJvdaBZSd91EM","211589712730"
"7RZMhtmwEcgFUqTPcRcPUdiW6hjWW9V7NDxsunstiLcc","34303970"
"6RZre3oq5eV126TYiE3Ja3mDzkYqkD6K3fTkojr83jvM","34957716"
"3rXDjvUpqgiSQqh86StDqwczMtiKS8BA1pJvVyzf7P81","35494256"
"H3huELPCiLKMKiz8yiddfdDBmvfsjCRGcvwNjwcyGsvj","35783505"
"HLVtGPDn2UXvQUdrZyF2BmtKJufaYQKjzTmf1P1iJTrM","220277260554"
"GbUEpddHFUdXF9bBY37sejh9VUi9bsJx4sbDcg9xTKeu","36402118"
"86HeYzPBcA87RgynwW9Vh8o8DSXcX9v5qDLtUtNCaVqh","36434821"
"Eiqc77auJKHJ8VWfatmFjHJ9kNjmo1kaar1uNBKTTsLa","37126242"
"7fZo1Sk1iECiFitV6nNjrXEmu2AaULuT3n68JBrWZkF3","37164170"
"5oSgmaaUEAgnBHEBEJohHsDFTBbYprrviS5v1t2vX7ro","37326022"
"14NfRBBhPiKcRg9MBWvgjHfuZ2QcZf4gj1iTTYXpBDo6","38003519"
"FZqvhaRE9pDS1nDkEHZEmz2EyozEncq6nXih6Z69Hi9f","38086456"
"79XUz8Uifq42qUs6i8Y3yMDNHWoLmm1T4JU3Xnt5S4bw","38128401"
"5GgC3hHeEfKDE7GChNqrJFo2c9cQzjnGt7kYmZxEWbWV","38181657"
"BzVw6odnTzvt8NoQSQLqfJW94FmqHrGGjUtaaeCkfqDB","38280959"
"BtaWkGXupuUHWGon7jAGPGcdkso2ZwtZNWEu6xt6BR4b","38359594"
"DUQ7PMn2BZh6CHVwiBT8PwTUmXBGixfs7XgFSvMqTdEK","38394790"
"4ZLWWjdKjLDNGqvAEus3gPSQPxyZwetBetMLwxYFKBtp","38568272"
"D4v2vdh7Jy4qJcLopA6FqTk136EDiH4cfvkxxnXq7GZ9","1372033382582"
"2Fd1H1AY1Z3eaFY8RaSbxmUwm2tonF47BqhECAzRKuAW","38611354"
"5RxTyWsTbV12wWkM2C9P6n8mb6NTpCotWa2cFxTm6Fu7","38851806"
"FMoTUBbL5dXPHutwL4e2ybKd3LSLDS93PryyUu3pwc16","38971631"
"7rriVczkxgkA4Aim6X9m13ivLtrgfgCq6maZwaYryEy7","39000000"
"DgGsKKf6tdt7e4iAJtwoNNWwW9jkF4W7RYGfmt8Xe55K","232811611401"
"BQv2xhMJsjFjoN4MxwjEhSVDLuDurHgxiPZyEsAq3hbE","39497030"
"3gXZZYtpJvF7K2dwMD28NHSti1e2QJLmoa2cWWSVXx33","39500000"
"AD47mvwEQPmoTqcrwQ8fzhqYPEGotWSeZrstLcZgcsqb","39564121"
"7Zuae5CyQNMmf8mvFUZRfohkocML3LtuLsZfGkMZ1bLw","40000000"
"Ws1KBRpiyVHhpedXQUA84R4At9mTAC2NDFANKKmXKcn","40000000"
"JEE3EQFjcxGuhFT5KHcXxvDaB8XiSAAtzWFRXBVgDmqh","40000000"
"9nnLbotNTcUhvbrsA6Mdkx45Sm82G35zo28AqUvjExn8","40099720"
"FoWG6STrc1qbcFuRzXEjTDuy86Gy6C3QKffve3XRMgrg","40160959"
"2KN8NAGZfj2xYRV26KuAAEcfCF4WsYRdrkgqHSqzBXea","40185196"
"3LdbrFBY7sZ71MtuZhrMzK4YLgxNcTrQ5wLNZHs7r85T","40786320"
"jCGLthxy4aHPSJnghhLD3kzYuWeD596ttSbkPifN8Po","140242257"
"FPRvayc1un6di91DE7a9mVMVMTDg2fN5LKobkdsksAAL","41822391"
"D6EdvL3eN1VZjRVztmHddqZecYaooTXNTckrSMHyQ9TH","2185830997"
"CSZWmCqYbSsa1ZmmTLTug7ehTtckBUZmUnL6rU2jo4c","42428402"
"KVGsdmpoLsXZmpHUce6dd4nk6As31Eu2wYLKc3SPLf9","42492531"
"CRQd5wvbf6FKVmjHC7on8w4pzFPzudij2BKXRcMCu7aK","42642368"
"3AwniQFX9g6v29M8YnVAPJTYWGuzMN8erWvzfJp3Dkqe","42810996"
"1tQrhYs3b77Qvu8nzVtA5afHnJtYK9GN3p7g6QeBb6u","224035072134"
"ApGDQHFwhm1ctYD23zvr2DMNRdi7DC8PArFXFW4XrCPL","43352289"
"DrNmRySansUPR4QiUU9B2chHHGAfVZB2UtbyFwr3bZRp","43779458"
"Dv3ryB1PS6vaBNmnjoUnQiY91qHtNv4vAVz8mFEGV7sV","5044998890"
"AAHHN9WmiqFgmwVMeSox2TqSq6g7fpWkDSqA77622qqx","44000000"
"EG99k3rXmSR1joZNH35L3PVzSUpJmUGdHesrrwbZyVuQ","2130108716"
"6YjWoLmALf2HZ9DKtm1fWQ4mwfN56Yqfd4kCMXBN7i4y","44102472"
"5BZtf45wdfu3nm4t7ZBRKPEFYiSRT4de9pTrXY3U4hJs","149331748"
"5d99opdR4uJtNqTaF6FtgvWjLaryUGxH2B468JaPnMXD","44343549"
"8r9nE5iP2TJYW2vUbavnCW28CGLWPfHiQfz6KQLEnJW5","44407009"
"JTJ9Cz7i43DBeps5PZdX1QVKbEkbWegBzKPxhWgkAf1","44662240"
"DhUbrHxd9pZfmm3mMkgW7AHobJnHynVNXdXg7G8qXjas","44740624"
"5ViWwHdQjopJQMdSXfWCfprobcTH5bkhjv5NP8C2YMYd","44867950"
"EAmn6hwVUWk82qnvYWTy5y8r9H446ezFEuTKParUQFD4","45028362"
"3pY8zPKoqiJcmsikgoJAF1skMzPvbYjNqNxMFvuMUahM","45045723"
"CZ27ZdV2FT2JpLCVeTCnWQEnJdCPXppfLuArLYmXdMrJ","185456692"
"SR5J6iDoga2PiFfgHbonJ8Dapobbuvo6GHRfYK5wyJ4","45687083"
"4nRu4HmCioaUsjkotTzUbAeRYpLHC256PF5rvVN23sB9","46186058"
"FDcn5ZPHZXBqTf1kMpRbRcYDCdwk8fJUHE7789rBTS3H","46890037"
"3VeuudVhqxq1xFCnKFWNEArJDLiH6WZJh2JiUorUrHS1","47002322"
"4TniEfUt9eqrgiGk7H4dutWSJ9m85pmcYZDH6zR1F3Qr","47019802"
"E8VRdCpaAgnxhq4vEcKwnkT345uEDu6P1WLYcfVBhquL","47019802"
"EGzQQbQ42AmBZnkAjyVFaBkV9AXk23VFRwNWHq8SExTz","47064042"
"8LVaZvnCTLvd7jjyw4bcfeyVLmZj712bNMcHj29e6x3z","47246337"
"mkqGuzdcx74q9SeazgEFe3k3pHaaKHzg9cCNNsLChhH","47457261"
"3Tva9jpfP7woQedZw6hsUeBfVLAxayXV3SAMHKKWPG1N","47497962"
"hUmgy1yFtWz54gsNE794rJt9mtBMtStwE7arawx7uXZ","47615265"
"GRwm4EXMyVwtftQeTft7DZT3HBRxx439PrKq4oM6BwoZ","47975025"
"D5F7j4SGRkuFBzdJ315CpxEivXVRKsJbZx5ar7FWF6c1","47993488"
"EWSwSCuhahfpopjgxTRxgCchqXio721Cvw2xJpxtbMvK","48005205"
"Gua7pLoG81FzPWjmergwzBaD2wSu3GxLpiJ1f41JhKMv","48055265"
"A9JpxM3gx9ve2Sfh9JSofURPNK5Gu73vYGLCpjf8AjTm","48360794"
"7fmMvaU4qEiBXfbTqVG1nHAUWFddNdSyFxrhCdyhpjsj","48404810"
"6LXutJvKUw8Q5ue2gCgKHQdAN4suWW8awzFVC6XCguFx","49085249"
"EE7TtrJ8f6raRP9KHbsdofFX4eQoUQzn8WeVpmDp9dcG","49114925"
"47Wx6mnnuEGAVqEpz3Sxp1mRsQc72faBg2BxTH8fKoAS","74971419"
"CmGHuKYyZA8cd6QtDMUzSYgieoEkz3HJFjVQpCgjvzRU","99192402"
"ekLcnkPEB8ZFPrft1Mso1bbibJ5GqPC4sMrwwDJCBGQ","49348205"
"9mGvGZNRNUqmhnuSQ6PNUvm5cbYTAWq7emxqG8WbWLsk","49356198"
"3PUhAQonCcTvmqMcRSNuAjPShB5UtDRk7aRqDVJ4UVbk","49371288"
"6xYZZ2C24CBXMxLsML7waVCuEURVV5JJ25jFf4XRHB3n","49371288"
"9zgJ1oGxEZe4byaDMbaZh8g8FsCoWFtU39VPSVrFFvvT","49371288"
"5j43v7jTGDjmNn93Vn5oEEroqiCpKPkfcTd4WUskiNfY","49371288"
"G4S9NEWyZ7veMuZFVkLjYBaHxUzdzYoyNZbq1yamTGhi","49371288"
"A15iLWXuef3VuiAnU7s4jT611chZuxaM3pnY4X3EZMqY","49371288"
"CD4j5G1vR8AwfpVem36r7gtaF8BLkt53gWfJ2SjUZb6M","49371288"
"FqQezLrhMLxPRjeGXEg3TCHKrCyQPQPfBBH9VmTooB5h","49371288"
"HWQcrkLUBH7uAn8Jf3vkpazLCa3g184sPsfrEbw6h7p2","49371288"
"8mNLGmFim3ow24aqoL6XyUATf1X8K8VZan1u3nAMedh2","1134286049"
"HQ5edixomkkoEk6DZE1jPLhFV3JHsYLH6hF1urPj1KkQ","49371288"
"4P36MAPrbz1zz8yHhbpjyvk1PmYCvgbKgou7hgSrM4ix","49371288"
"FJsvZii17TjhQVzQupefAQSwycSPUB3nx7yJxwc7knKU","49609673"
"8T1DuihPpzadspcx6Sck8CiX9kUkHjZfPVoKTHcF3z6Y","49615654"
"3hKTq2wSv5G1JaRfo6MLovYG2bn7rHQqrtee14c4r3aM","49646274"
"2YfuNZpsrG1qX3nBZEFwbfHEM2ebpd2zDfTULTi989Tx","49666751"
"8FcHz7V7ShoXHJeB6vJisgZuqKKfgaVotdEJw85rv2np","49666751"
"468mhwxeahQAdthG5c1UNTx7ywWhC9zK3eVPZU6DED2u","221801550021"
"Gznh6pKppZcGr4iyi7VSxdHKAvAfmRvn2ForbeFtDp69","49934804"
"78HQ6FhcoF8387Hbu5TL7hDVW32dpDdXpodnhSCbdftZ","49965541"
"wYUH6UDfZGCDhJNBAS4TC8vaZMFcoq9sF5iW9R669kj","50000000"
"HqWCSrVXS9XAt8S71RM6UEDj74DTwGQf6trcBW9WcnzX","50000000"
"DverMeQaN19jPw4vESaSXY6KTRPV6obMbQNo9Q834EPb","50000000"
"HixSbtVE7k9SyW41EUpHHzU94iS6ooXApJdcqhB5J42z","50000000"
"Bvm8rwtNA8bFQmzzB9Lmzt3eo9fdtxcbqdSXyqKTEEtk","50000000"
"kp9dTgBWFaCFiNng4WCuuovdJHRP7uqaLC4uzaMPZDG","50000000"
"AMvQ53THsZdbNJXKxrU5pFPA6zJP8S5UrpMcdf847PLR","50000000"
"7zND8YAtCYehNoa1JrfDLQZi44xJkEuPWK5b4CkiuFpo","312179709255"
"BAh3ZpEikCKzC3ps16k797Xc6QcbCgWbV1L3bFfDKSa7","124391269"
"6sB3NAdExQGDYtzvrfjCuWfVdmBE6pnWj1JV48SifsCb","753914940161"
"2V1Ji7DsDMFo7nA384KY3bBCgVZMQZo8AHJ5rRe1v19s","51329417"
"5rinjmh1BJoFywHEmdXQJV3esrNuxph56dGfk2arQrAw","51458605"
"CKSQwBQuqREX4eWF2GxdnhqJa91Qq67CZja5mf33Ek1G","52508121"
"mMVPMJyoQdMzHogByxHvrcHi7LcYQJBQdXNWDSa7W2a","52713419"
"FQpuUkM45y12AQVgfEN4p2VgLuK6SVnejVL7PV7SNePH","54033891"
"8vN1hfYikHNcYbkHWQdvpph4BibtuvxGsPtBGTv1cZVB","54210750"
"4woFxo2cVSHm3Jk2ETXJfCuQkgVoDNYv3TdgQWXwU7PP","54251454"
"5MV8scJRayRra9hw8dZLRdP1CjQhDrohJdYTRErdrLak","54378288"
"Grx9KCJ1GGKR9P6mMV5SautEJfcduYNREtmii3nKJEiZ","54564982"
"FFCCvPBvrqe9u4daj8N4N5YXDuBHghk3VSh27Wiycn7i","54610801"
"63Y7P1aYftTMDTWQBbqYbzbety8gRPCaVZAAm7Kje6a8","54668059"
"6amjt1nqa2yyJaYVPD5NwRp5s2TibizednPpJ175gMfQ","55520981"
"GshXzDCuoEQf36mcmcBShpmm8PdBApDoAWVxWpKqmNrd","55600491"
"6LkFkHkTKwCpBW7L2EzYgKojTCVLLHUS8PwYSKQQQAx3","21089609775"
"FpZGY85WNoHRsayd4idzhxzHxDvDPoCrvSU62WbKxM88","56340712"
"DGpA4nnw8MwjyWKPfubRdvqmgqzpqoQAs8YGh6Ef9a1m","56393872"
"EzomL2pEZdyQhhCbj72GiDwDGHaTFDk3yqQFzeyr6PPF","56431161"
"5iqu9bdw4fH2hK8DtUcBgoT5oRkZQy5PETcuErKTDLHx","56506848"
"76fXgterFLUQMHA1e5emikLE78YJeVtUxXrCAphb6h5N","57054830"
"HK764YTy1kkZAmcxFvzAQGnksApYt6L7UKo3M7YftQPm","57175401"
"78udagkQVECeDCcjXU7ppWBpsP8bL7BmzAwATYd7rsyb","57303066"
"BdMRPR3F4UguZK5E6bfi9iTAf6Z7wXhPJ6xbSFpDPxJ4","57324267"
"CvbAjti8qFMqsDhpYXt4ePjX7KKkmBXWCwAGgZa97vpa","220086565960"
"5QJ4ATYvh2ftLgu2wLqqqefimupPBXd9ngSoRWAdR3rn","57617507"
"DSR4iFZumnZA1xtVGBaLR67t7k1SC4Qek7kJGWmQCEHj","57914258"
"C2wDRFJcPx9F4wAXsxdDiFc7DE5Dpvcs1CJCAdTSdjk7","58712137"
"D3fVrGKT37F8WDHH6Qk4BRLTig5VUdhCBhrKt8tFDPGX","63889885"
"7qNVHQP7hJzx8FNLxHU186RWi4AHQghqPZ3UdptYwAni","59095554"
"BU7PoHAbocr6e6sgNA9G7hQEJ7qRtbWEyEBANEg5yJSt","59758500"
"B2QowgG5BNohamCrDVwHVmVs7GghdUuh9ikGvSvGJPBs","60030882"
"9Tw6Josb7SWqyNdQscmd7dG9wU8oW4rTAZpt5kYkzsgL","61892360"
"CrbFP7Fbkd56tqi6mrB3fi7LUUAqf6S9wKdtzBb8A3to","62720246"
"AumrH8CKDPJ1rNzY2ySufwmvDGmhmtJuPFFRvgS5DJ8r","63024401"
"6gHhEszS4WXetX9im19uWQeDc3TVFDxg8dKt6gbfiUnr","63407519"
"B7a5S2qivSYv1yv2FBwJ1RCBW31rB4EHCGv77yqWfEJD","68065889456"
"Ax1KPRH6JANc5yioEeMq3hcdST9wzQjgvuLAsc8gWH4Y","64434469"
"6tBou5MHL5aWpDy6cgf3wiwGGK2mR8qs68ujtpaoWrf2","64572797"
"6wNSyKZ3oyBo2g1oLQiSY3zfvAABt6xjeiVptXAWnEMz","64867950"
"G1Jme5j3XZAXY9iQ16sLt8cxsZKL6fQbYyRWRc6NmaQk","65121421"
"HnvQyqsYx8kAm1abGwkp6FnPNALgKj9qqwkU81bi78VP","65346641"
"DVYH3s2PubybJd5xabbiobzYS9whWPwWSkxThEhM47uF","65706443"
"8Vdp6spBj1jCMNAwkpWJhCDDDzU1wzPJCjCw7baybtB5","4691891848"
"E9noGBMVoV6Cygaa6eNLsXf4hwUnEqMn6k985VqLtLmJ","407789783542"
"ivpLU8BUAeBxxXfcCTF1dXSwh7CGmsGNi3exyktf5PU","66534043"
"HMzhhtU2fZMRHNN1fwDjWPTrZRgtFHiFyFSeqrz3zGUq","66878311"
"K5EvtDJsgwHiKdV3Rkue6NQHbvGQTCegD9N5nNgFXsh","277455057146"
"Ns5DnULvzcpio1TEoHgFp7Kv4RqpRNdFoKdVDmQdG1a","67534847"
"7mV4UUfrYZbAxNmT3TvpsQaYe67J5jjH53DC8aoXha1C","69119802"
"6KLX4qoX3xVTd2UMr9frEswL3fbefvccXWQqqD3VbnS9","70000000"
"yLbDTquC47sXjJeVpEzaEdjx8LSyvEvq4xkGCfr2o2S","70000000"
"6U91aKa8pmMxkJwBCfPTmUEfZi6dHe7DcFq2ALvB2tbB","70608386"
"3rCaPsfz8362mPUMQw5Nrh64fsxiqr6VUFCnCjtMvS1X","73587877"
"3RFXj8bbhgiWSEHyNSqSaE3pzpiCB6bskSH4g9gQYSUw","73732326"
"8FqekDAHWQL4TzRyhKXzDwrLgDUMSgsUbjAavaAVEoc8","74021435"
"HjgbYeuPnCaqaJEJSvQtDTNBj8KEiZLiDryJCVS1wj65","75107688"
"8psNvWTrdNTiVRNzAgsou9kETXNJm2SXZyaKuJraVRtf","75254944"
"EpzaU8yJu4LGrRWX3EgA3uwPJWKcYBJgFqCivSifrTY6","75543166"
"HZDrRR3R2LRC5sp4cHXnAwAX55fuQ96FZhdjnTRDyfHc","75965428"
"BuyBPHDuhm4JsHa6CviipmieFHNxPUtmYPw62DYwckhz","76011981"
"5UZECNRtvU2JbGBYn7ReTUEknHB6d4W62YN4Mi4Ywwut","2205983039166"
"E5nYQZSkVC5Z6RtscrnkB6KNEHErXbxjDSfZggC7YjtL","76213994"
"FfV1LtYDRsGAmWe18WoGHQ3jER8UQPGZQ6AgcHnJKdpg","76528614"
"6wcyxBVWCosyuWWNZiDc5NVDNKpFVDkqt9iEPtufHvEn","78007801"
"D89BLBpBx6Q7Vxe1pX9P6C991D64Yq6r99MvLd5bmJvX","455180266"
"GWvT4Qmx36EoXikoS1baWTG9tTPVdL95ixGf9FY7B8Cu","78292572"
"9dddA9JkByDRdjHSi2okqQS2aWaBUjU3e82VKXMvwyUm","78860277"
"4Tr8taTDMWuzdANTeZ2VAkddgY4NWGPXpT89zB4WeHXU","79375477"
"CEy6HKDvftVhEbyXC8GjJxGGar8ozXy8XUTmmaH96vE6","79623633"
"65k3o3nerTWphyygDa4qVPyx1U4F66UrjEPs1jj6DYQC","80919626"
"6j6gPJ45s2rN781cHBaKzPksTnap7vzQDQtn4tLgGZ5a","229881057771"
"6wmZ4hgPXEdJApkpZH75bhmUwdxqYGLgSiKYAfpmFEDt","210385117939"
"71c746kezHHTtEUaMuNByXxcp8qJ6qetiuffQGB8p47F","82349053"
"4ETGtMACUnh1LNbGLzXZSqecsPH3PqgnoWCgQByAaWyM","82458453"
"C7nzzHiuthupgz7XZai5ynWpsXChMdraQuXMZVbuxVJJ","83643563"
"3EcaWmiRD5ZPoHj1XFFAmYq74SiPpjATkD7pUd5LBz5d","84065278"
"HRp88fGahAsYVLYEJCJGeUZst1bWYxsTcJ7zV7tyr8VF","85230063"
"Bwkf95zjWfo28ciL3aLc41Wa3ZocfZPZiR8xEsrhEjjh","85958312"
"Bgm25Ujtr5gJrx4vKP5Ex1Yvjuu5c4Xge2XHQGTYXew5","86670076"
"3Z1jjvAPFXCAm1KoBQM6MaAUm7MhdVUueMxWFWgE1UML","275304621571"
"GkwFPTTAzKKiwAtFUGLuusVqjbhA69BVupRmLaCz4TaX","87403656"
"2cjp3ye16dtNUV1GihqrWtYE3feikgTVWickwo8F4oY4","87521956"
"DRryYoPjHrkK6piBLdiJ5Naj39Ep8Kt8CDkNGa4SJqYd","5275565437"
"9kaRM8PJP3c7AZ3F6qB1UqqH7JRK5Zqg3A2ge3fvAEW","88283800"
"57TJsMLDzMPTU7db4N1ttqoEHMisVka6o5VLDuCGHEZh","88486497"
"7PfrM9dWEDfvmBFai7sAPwhN3r1BnXpZE2QYjbz1wkfh","88690389"
"5NwpEyxvUjeQsrzgQoozbz4xDCzxBtKArXsnRiaieMhj","89905769"
"BEbFK4nyZy8PwBVzhxTuW5q7TzoWNkBhX5QYgu11xdJG","90017210"
"AgoVCkcDbbLcZUEfyQJkbZYRBcpqtJswGETjs7u63AUA","90256706"
"6B3PLnyLeqsmpwYv8Sdh9Nnw5no9f9qDX8dnTkdLAjdy","90264878"
"D8sebSkJfbrC6tpHd6R2bbi2d1oNga7ymbbSbPAf4t1T","91050453"
"9A1N82YJmPYE4gWKSyUi8Y83XvT2pYwAepcrHZuED3SG","91538090"
"6hsbvQfwmsvCSNRKqYv6njVCamSLeo68Xbb1cqRkMFus","308824640"
"8iJUW9SCCjrrE3dmL64J4QsvkdnNmQXAPPsjfpAkKxMN","91836845"
"4mPNA34fP94Fh82xaiKikqUVx6Li8YAieAcT8UrhZJfd","92250185"
"DfCuN7zdBtsRW7WPoC1nV9XdMdkt1m4HFaMLKe5Di1wP","92341342"
"3LahCXg11PJz5Nw3yRmrB4XcemDTXBXjLw5CnxobqrYh","172320597"
"3ntzn6JxyZs1Zpm9sJVjdyvKkwqof4XtxF7GNsgC5jsp","92597422"
"HhqEdwKgnnuukJCnUJgjK88YVukLB2a6DjbcduZcDLGM","92704292"
"4FeiT1XDYKzAPZstVNDADvuFxAUERJwsgb8BYnFUicFi","92708589"
"8PZCoZUKG3DMGr1ZGfD6T4YivX5y6UFGZRepRfpmenmV","92713745"
"CD8aHTa9VnBRhfQWraVBs7cURzeRKWxV4eQL8QBm6vUb","46509045689"
"6vFKKvkhuGp4mbZAjBhP4XZt4FctNfpRVTGrJ9p2JWpE","93780074"
"2fbQnwAMWnFKzkhNtSxQrduQZaKMPfuD9ccMTuzGXQr5","93857634"
"9gYtApjwRjVbfTJFeKXf1s4ZYKymmBruNtqB4eHq9WHd","94039605"
"Ewh5DBEuGxgh1zA4XVFsW9CiGtdc1Kh7NtTgZhKG2eLj","94146118"
"DrU1MfHJDh7jFH3FNmCJZtmH8cHTjHYTjznWfC1ffBru","94423597"
"BoRiSxtNsHGQNKzic4sBa6779wPpp5e8UXywSVdHhpEG","94757696"
"E79uaVcz8KpQUSNVA2JGX5rqM6DuWm3KZThNvBoqGRFn","94914523"
"BCSwrRgpXJM6ofRabuhDYeumtwFGj2MJzUZSjBVyLVtL","95363067"
"9G3E71ZpsgkSsVichefYAw6ctGwNbEMwqwu2fMQyLxrc","95751162"
"2wxEpPy5s5o5pw96Vz7TB7A3vrDjhLqzuqBT1PfwbasA","95986976"
"6eYVL9EWnVhE4DGr5oU8P2rVz21FySMcjanLfY5GwyTy","96029179"
"7Gx2hY6YpYRv3YTs61gLC21QHGMzSyh2EYpHSwm4eYwT","96091930"
"45wTzePun8eWddkvKcLivU1N1GeNvDj44yQxnwSQBcnn","96662529"
"GQC3w6H7CfneYh9G72Jjk9m3Ggmj4s4saLpTkw5oVZbm","96702927"
"5kF181H3B5bFyCdAuEDePgtdDDEuRYkkxinfERQsXNqJ","97429079"
"7ZfeMJSwcK5VBVmtPe8D7GuW9zmLMrzuxVmXyW58TavK","97554977"
"3v8mqoTTdgBgaDxfBKBnXN1Qhxodk6r8Fz1AvW9rdd26","97634624"
"DiSCzmAWm6s5qN8QdWaCYUxSHravF6kvYptWbixdKLaQ","97654684"
"6HTSgx8Aia9WjPAU5A8qieWYc61GojqFSDNCjA6Dgmhf","97814326"
"7bMrTXhfFFmPdkvrtMwPkVJbDE7WeHQegpcLjW845NRp","97894933"
"CYaTx86BjCqhwP3MeJWFgSvUix54hwx1eDehney4yMKk","98017043"
"AgmDm57uwX5u3rvAsBakV6nsckdBVUZdERnUow8GS9Gd","98058750"
"7hVbfPx53rmfTPwRJuiYTYoZSbR4jC3rSmJoctdC9F9i","98061336"
"Eb5kTUxGhXjWq5RUj8cvsrT8gFSCb6mEASo8QaUtd5tc","98438694"
"ESDue6XEermfn2VFdrWa86uhLGXtjJoL4i5n85ZK7jLL","98565488"
"CzYwm6fjSq1hbPy7JmuSED2Fzqcav469zkTzLYaDmL8Q","98566180"
"8Qht3pqcHb7hz2Sebi1j2xcLSaeh9gCFirn3Jpqn61aX","98566180"
"3XwPneoDzPmJYQUAXj38e4QTRdHXUYu59G1Qg4awSBtK","98570159"
"4Nv2ZMTB9evHiVLVkVKvhWuhCGS3Vabb4HCgAE4fgkFw","98651805"
"7hW5GpX7MBBvfLfFSXfceYd3WzRY3F53AT1F4abvBC6A","98651805"
"91yb9D4sq2977hU39o24UKdX6i9jd9P19jP3URBwtpb5","98696411"
"G2xaq7k7J9mwsG7fKTRHoJVsqNRsbxckszBuiu3Bgq42","98696411"
"DB4FNhsZSKPeeov3hDf3ftiYCwySeQYQo8G1HBC8YiY7","98721489"
"ApENRLgDQ8qt7FzBapiWArApsQdiZZ9T99kfTHM2TJws","98742576"
"D1ddg9rBy9qDviir8zNAobXNX7k1tZPUZecPR9TkaXnK","98742576"
"CLsuJrTRF3QSyshBAN9H89dq9ZwBuWMZuZTqDJHbos2X","98742576"
"CbDM9vDqM6qZDuXb3TTA97kKrD1gpY7SvR2RmW3jpd8s","98742576"
"639DGYaGUc4pzVnmQYdESFxB71YZenBZZcuD7YpV3mV4","98742576"
"ByAHzEvdkFzAgHras6UVugcMkA4Bg3fTC33TMhp8XwqA","199280080"
"5eQEAsds37W7bFbqY5ifLoV5vZ2ZDWWRcWmpc2TofEwz","98742576"
"CEBRxNnsHFtGC2mrjBdSUjpmGQeJHQnEWiJKmxvc9vTH","98742576"
"63ftTWvBAESNmn7asr2Mym8bReXKqGCbHXE9bSWv92Th","98762949"
"GkefXfRWR63WCj8fBEn8hhxwCUQxSdZhQB84LQ8EfKqd","147850340"
"Efpdi34dqUPeFaNNtySV3nY6N67Z4iC2bULAkaNZdohJ","98809849"
"3pGzZL6TyHKrBHRkJ5etCMsZHYFusAMmReSc1smnKrpL","98859564"
"B7SMP4L9jkC3rBdeKfdqMi6iy8TZc1nf7DccKfUZsktY","98870722"
"H4tvB8reS84wsbLVNwesDijRr9VzVjiuXL2ctEVetqvj","98955148"
"4QdAHG2GzCrt31ByMwKXa2Xxb9iQpXLDWgBSofTFxnyC","98958972"
"BRL1AbpUEkshjXNkc5amw1XfUkiKD1VdgoAPHvzh7AcM","98968469"
"9Vw17cS7FSZoXLvH3q5UkHw6q6efqD5hUFesa3CtnEEF","98971827"
"2ymDaqRoLzMqD6RHu4WkBzAtp2a4DsbkccChK7zkUGVg","98999341"
"813WDUhxvbwsgoZZqnsjveKgrHaUfTPNz3U1f4XdhH6r","99086567"
"7GkY7vP2xCESMyZpgGA6ydWrq3XG4gvMPwp8KLEK5Nj2","99127227"
"92HZAN1qmxcWsLaFeYZugQ1A8gufJdFxojnsfR5Tuc4s","99150486"
"E95oo6JyvY9HYTWKFDu1ngoTrtckCiYtPsQmEcKJz34s","99161575"
"HfsehwegnmLwFmNdxd1NzDE5NoC3K7YER35PFsDutje7","99191583"
"DUBHs2nRpNiV3xcBBimDaK6GbCsdEYDFVqo9HEvgGbF3","99192402"
"Fhu54rre22WvVLfPjijTxwkCtMtAE3NV7JKZVXFeQJmW","99192402"
"7pGmY6gR9twBtKq96uqAYZMNDm8xMpYaTw5aH8zMKjf","248051204977"
"8sSY7h7PXxkcHcM4TdV7o4X5zYs8XWJPR65Hau2r5Ysb","99205656"
"CLgEAyVF3gMxcuXRpwm9Sx4gfgCzsEvy6vAE7E2dLazU","99219347"
"FXJFoeqZCpWVNwNKjnnfpGRkLfLRmzRK3BjLPNbxPHCw","99231733"
"731SKKcfyE8CJbXNpe1hkt3yycha28vTRWDGQJoY1GTU","99301846"
"3Lfd1sCb5BUdQJggafxkxZrZ74A17EDgo5bzABs37kbv","99301846"
"6YBvFqZG7u52w3JeSQKmbKZqBuo68RLydyY2eB6tL4bF","99301846"
"6tHj58hiByKdwK1C3nRunW1HoZKXL98vDa7qfTotMZXy","99301846"
"vK2WbfKTNG75EC14acS9GHupaiXdhbkqXRcJvd6UZNa","99319777"
"5b8cE94RhZtShpKfGMkyWsYhycQUs3jshYdvJYHjnmH9","99333503"
"9dHGssi9B1sqEuBjHbRgmQYL1mrCqopbEvT7URqGT4yX","99340418"
"3bETKpFAYfDpEjfYxGmwja7qqH2idsthBg5rwmSr6T5g","99369698"
"BLe2KhavusiaBrTGKyU4zKJZ8RnG8DPPy21EKX3XsEMH","99371068"
"5GNoDSXBPbYXuhStXr4MLaBA4GHqr6PhQDUpXnE31L3o","99371068"
"E6ry55ECPkcg4QyEmpiUr2hEkDKA3EWeWqQdVoN1jdrB","99371854"
"HJ3BUZbnhFBTcgw8Zd5pwb8UBRqNBCUsWSVMTWXLPRuY","99381461"
"V7ZUF5DiJWE7CJHrrZtH2qRfBSsqLTU4XAJmXxVaHXi","99396471"
"8G2qrWCUNBkBgpa7xpbSiHKkUE2gnsBpYM9UAjt63UeV","99396471"
"2zxtZnVpb4XX1jLADegTkNQXJuGPBdmz9Fy7NPPHqbHm","99396471"
"FgkMCuhrvh9Zqg9ir7NbjgkLfZn9avgwCZpBfRnLBrF1","99414819"
"53Aq5LxSzmMzEiUyD8GYGdPuyoy1whG1b3a4DADkicie","99415332"
"4sehrAB1bi4A3fYxtQNTZnpv992X4kn49wemFXrYr9Vg","99415332"
"8HmwwUNpScfG6o2CTgxYaewLXjCyvXVn65tusBqtDpXy","99415332"
"CaoY5XZ31YqReSSz5jvgXkz5kfcZ9RkyWVFBBy6XJ4rs","99415332"
"CxGEAz3Bxmypzd5v3qib8nzEgYxPndLvv87PQdJXn5fT","99415332"
"CEFBLAishgR3pqdLsoiCPEp2gwStffXLprLmGD3fLNip","100000000"
"A6A4oP3c59fZqqXNmS7Pox9FYGpivGSYjsykV9LC8smq","100000000"
"7eyscKtotrJpvCEUTLWramJgnhP5D2mi1PHbh1CiPDgj","100000000"
"HhrMtuQfiGgEqqkutCpHAnAXCTWX8FzT857C5aumuKJk","100000000"
"GUnxzs2qDVB2jGPSq7GaERTTzGqRJiP7L9ijZwSodLMP","100000000"
"8BoF7ZvyPxrRCQFuzEDuqbxCw89aFwAHCMgBTfxQSdLY","100000000"
"8NXJUp1SAX5wEz114PwBdh18FkrWim3NzwQ2tgeYMCmf","100000000"
"BMPzjXVV53kwU4SkryNEL1kBE1unYGpjwFDAUzgkQgqF","100000000"
"A1EGZFeZ5vwzQWKvgJPequiCUre3qiPcksVfgS6RG3vg","100000000"
"RBpnAxvyBfpEdZbiuVQjZwPCRyoA8i4Kka9pCrATctQ","100000000"
"9P61QvGGi68HptnjyqwPT4odq5Bwbv1fGixaYSNM89Uj","100000000"
"ER7S3NK77aqTqn4fDdaogjBKRbNgVoKz4ACr9XGYVxcP","100000000"
"Cs2J6URzSp1Nj69DhUFDmhczoxjqqQ5k7VFnwMSHra47","100000000"
"3kjRKW1qGUxrtZUnwrhCKwRKMfzL6hQYzPnKu3z1U9bg","100000000"
"HgUjNXXyoGiwWddXiWrUduVYXv1JEXNeTQAGxmqqYfKs","209449628"
"3egRTuE7y12QNCkTvyhyK8pnkddge4f5PULg1jLCsXQK","100000000"
"7UgW2NxDwgcMyHYJ2qpNvRU6nosaj84wLUCdiCqcDVFm","100000000"
"4yZnkohAekrb2fgZUkiKZtLcBpRoZjwVrPpqFNTYuJUr","100000000"
"4xsodNc6xBnTguqouUZGWvzyaKJScevigETDQmrxpvfq","100000000"
"FnWRK2xXRWHfxvPWA1AoVSVkanhqX3zv4pyfBpJNWNDw","100000000"
"6Wh7jrd9EPWhd1SpRkQYZEpsei3VZzGsnjAjTtPBzevq","100000000"
"99QpXvygo1hbT8Sphda8etHfheEGAXzEQwtSerKX6eH1","100000000"
"8zAuUsRmPwS3JBkVSVNr5uRNbjCBUMepytKU1ugJ78sm","100000000"
"DkKqqFHQBY9zf5zWN79UpEwCieSKZKFtwDgjjsD9cScU","100000000"
"5xQXGUiGhGGMqdCy5kHR8yT6K8mKETUNtiCuWK6X6sx","473840605"
"EQW8NqBmBJLJFDUYcaM7CfciGdoZYCcYfLSUpPNGVoo2","100000000"
"5CvZJwAojzw9y9KScPcDnXPzo5XgZ4TzCSCcqpvJWxxx","100000000"
"DanayVvgHg3dFjhJgjNECxU589vGjzmwRBBZ7nCMVzUg","100000000"
"8FQyjFdmBDonMy16u4xMnRWYKj4KnaqhP7XeYeQ27hDS","100000000"
"9FqdTVeXuYGDudqf1gRv8ZwNAyFReaCHjsJJ1V9kNKvt","200000000"
"D2VorVhYKxDNVuQKYk8rBu1iaDxbDjArwEJg6puFxHhi","1100128143"
"Ef3Fk8t6NvXLWRVGeRohxuUPGRdqPoTmj1pyfgMEWEBK","100000000"
"45WXSKYYaVBfrN98iCzv7wH5Cys526ZL3w1c413Tae5F","1444634601"
"6eFDdaAFY7fhCrLkR1tr4RQw6gBnKo5ML78oEUjLHsCD","253967189"
"7yrWH8qMntHTaAYt5EaYkKNFqr36sndM1LFfFBU3Essb","100000000"
"FKp7WMJ2fRRqUkoKm1KSWkytBgcgU6phMXk2rnTj4Z4P","100000000"
"9p7XCacUfwZQZUUKkM5rAA6cegmqbbXZtwh1WvJKTK7t","100000000"
"Cert8mnD3uF8Je2hKS4WHTknKqi4ULFrE2akwTqpdnF7","100000000"
"4vmkNWYRSn49sijyX4GjpAwokrc5RpnJE6f6w6P65QuD","100000000"
"FV5D4mXgjRjg5WxLWZFPDvqNLCK45Q2164LTopBYKfQG","100000018"
"7DTVirps8tacigWEPVBivwUF8G4JeeJ9aY5TrSvCghtj","100000186"
"EPpGm4n8tdEquEuC4CXYQkzEf8c28KnX9hKCQMnKJrZS","100000939"
"ECFAi6qUG5an2HYAk1Ev3T8AKfcaJmEcA1UeqtoRh1cX","100001081"
"6FpSK91suPf14Rdj3xPgn7qfWbxyAV6umYbD9P72JGxZ","100003779"
"JDpZrk3sMmpNeLdJCVjPuLJs14oDVxGZC6GvenrGv5AD","100004132"
"BXmhSxdwKvBpTPsT6sHz6QdPeLGM5H7GgdPkDydQ58ai","100007043"
"EyVhohc5s7W3Hv3zymcjkos4LkXAHzgpzTGzrUPBfnqt","100007411"
"Dx6JbJZYsaQffLLy22fWA4W5oQkdyoJ244TwvYaFNkAM","100014809"
"BCFeaW6Mv1LdV4ayMp5Dz9rWdTfA1R1CMJJD8F2Z4Uh2","100015796"
"39ngkeE3MhDBbtDrEepLyKWCqkr6o49RfWhqTNi7kH2B","100038732"
"6Eq9D8SGRsrDRHCXrbRBENjeVuYkfUJwYKunVtTBV5ky","100042596"
"6iziUuwpMaCHo3qhEoheQBS7Fm4wZuhuVzMKE7gdfQCJ","100053409"
"9ikmkbs2NNvnv48ZYdUEmMcBddnQVK9mtXis7ekC5Dya","100053409"
"6aZmJRcEjPbgN2fmzeiLsV5J26w9UrEcC7dhagJ4K9NE","100057418"
"VY3DjNC8fSYSrSBQDFYJda6NKvChKsSCpULXFw5HYSg","100066666"
"CLH5Ypzsn17gjoUQCdxKT3ngzNivS6B7QagBjDiBEokq","100091890"
"7SfLWeYagNJC641V6PgKrnAzQv8in8rm2f6ogwJgEoSy","100092246"
"3oD1U51XTu7YkxWgTvA9wUoVrusjCCxtGiCzc6MvuVQU","100096261"
"5hQW8MFomrvbbPBzFaBMaT8z78q1VHWgjFFYL3NuRZWu","100102435"
"E9qZqd4STmSyp2MepLoRoGrS7odnYESzV6ExACeBeS8Q","100103566"
"2G9hYR3YTC1bc82V9SqkjJbP1sijDZtgaeA1k4Fz4s3K","100119803"
"8tDnSEFvwNuK3BV2SwrrYW7pCh1cVzSxZ7knqoTbEGbW","100148217"
"3mgLEFL18URYpweoP8a7ZqtUXGxbeKmRnCQ5tqbb71SC","100164361"
"EH7yqduPQJx34j2CHRNxzznp8watKfPKyiDXQqDqCaAj","100184326"
"BbHywMrwaC9keVKCpMHjaU6w2uo1aXmpugZWAnSfFNny","100184326"
"FDdT8KKsfHqdx3Hfuv1Tx55VgPgvNA6jPGPRGhxyWUJE","100184326"
"7QvmT3ZE4UghqAK78BC3cLuz8XTbqU8zRvgcQfCaVokZ","100184326"
"jTcEa3fyDW4ZNcVRM1t2fp5QqYYXgy5Ud7Gr8uCJCfm","100184326"
"AKRLp54aLckSrGpMr3xdDHkXRyNUGRkr8KWWLcc3ktWA","100184326"
"3eiPxtQLVtYrCMLnRkLmh1x8HVEbFNKp4anoTCjyKcTR","100190449"
"7JP9WE1eD1qgs75jUzcSMPbQBfgnCNgUkogN5gapVvSh","100211540"
"3JPxXoH9uwnujkiYzexWETwxpVKJvwBn4NsZ1d3be7K5","100211540"
"81fuMRaSa9N14y98Rwb9W62TPz8tEL9G5Ej4fxsUNHrm","100217627"
"9HGnsdU6ha5VmiJ3Dw8up5NezZkVHQnv8ETeMc9UueTP","100222533"
"FFvUsBHLvP1pSKwNMtYD8teY2PG81D5DL23qZ5dDW7WE","100229678"
"2sXuGkRMkpuAJ4Y1HkgMsYYQSfiMxsXUW17N3ymD3AhJ","100251928"
"7i3CqS9LEqSZSuJmNLGymRNJu3cc3THntdpVo3GuL7pF","100251928"
"6q4wdEVjGnGichJgCrrGJcwWdwXiNKcVFdgjH6w7CT7u","100262287"
"EDPtqsekMtK4AXW8JvNccyUZhCn1UYxhQ9uZGU8ra7fy","100264975"
"7zj9Zxd4i97JDSLFTTEdFZmBddd2mcRW3hbjyYqWjVY","100267457"
"5tnFgGGc6DNaFUaHWEfqYcPohf7CkSno4NmeLRRXdkwG","100286353"
"BTUwH4zjnrKLDLCtQR4kEy1wFmUGRx47Q4e8q3Ysr34r","100294864"
"5DcgKPt4TYsHBtepQqYgbe6WFZfjMrxuEe32aY2fS4tw","100294864"
"52n4d76JrzBzDdGoRSd8MUvSAW83cd8YGYY1vNiQMPtT","100294864"
"7nA8pQCAsDGaTUC5ubC4Z2zc3twFZd8YW64nnqH7gvUh","100300912"
"DkLbwCib7H3CPF5AwgX7kxzuahDV91Fzxr4kjQwoGi7n","100319040"
"CqjLV2sVozMdjEJPff44dLgRpBMtqZXpdFdZqo5S29XN","100326838"
"Dv7KK5B8e6JnBbsUx1gX5DHGBaUXiDPxoBKbfiSNvcJS","100326838"
"879pmSw1FdxDiVhwdMdjHa7sSuSrTa8HtuYZSXf8ZCvN","100326838"
"8UU8U5vdPq9GBkw1AB42i7LH9DQ7KphZ6mV2ytFi8fSk","100326838"
"7RBZgsAi2Mw1RaHvtUML22kJEFEEsVoDYK75RNKkxuXC","100326838"
"3d6UAWCUYBhya3GhEjbffY2Uju9wV88c4xaQhzhFJXuw","100326838"
"5AEXC7Ci4ZDngt2vGgztpZ9iT6Z4jrG1aL369cNeyBiK","100326838"
"FPaM8nHJsDHc19FETZgqQVFuv5xa2opyuqvC2eQdnnwJ","100338091"
"529SdWGLLLzUMJkAbgyrArLuQQwYavCvXB5aePETpfEv","100338534"
"Hy5tuTT1PuNYxVWLQkYruGpyL2A4ov5LEbhhSPuT23HC","100341159"
"4s55sRX9agpueu5jhvqENzhpDNDhY8Z3GR9PCAnKEZAD","100343947"
"D9P1yhCh9qpGJM88a88QyVz2oQA3ZbtBaFabxJe72AVN","100364086"
"FLLo84m9ntCY6CvwgJe3vLZYcxy8VBkRmsuVcoyk8M4p","100364778"
"EyQf727QJLUfVKqQVxmTZTr5HRgBVvotUrRWhrjDgeVJ","100364779"
"3KNreSpa6FyUkJy9vyHaYP4pE26sdPUUHxpcqYAptyGu","100364779"
"4Xi6gnT8hvSHQy9DegZzXZTFtHSPGaogwx7QYFQo6rNc","100364779"
"EAoc2Uj7No6yLTkcXT84XiSq8fAomXtNaWreDMnWZDUL","100376385"
"9Fr93pJNtKJreo5WZj6R1vZodWbnLftKdZTj2Us8FSa5","100380681"
"JB5PiFoRznkTArnLawgasrG2cavsU9TjMTSNfoSv1k5g","100390436"
"7aiuQANbRu9kmUwhpBjNdy7nZH6g1L1bRhzJgLGdszPe","100390436"
"nZXR6s4GHBmm1UiDQ5iBuncBkdNjQjjxEBZmLprtAmr","100390436"
"CKnsugBrLUhb1ZiD4uRZeCW5awKc7dqP16gD3bPqxowH","100391101"
"CGkwY7oQ8aa7XKUft4R2aCyMnorJ1cjTcWgPd1pjhdCr","100395542"
"Gb4Q77fieLc4vWp9q5CrUza4tFDrTP9QSS7tw8Ng9ZyN","100400004"
"FqZsqUMRqgYxqycWyxAgPHwNX8NiuZa6fRZN4kRqMHP9","100409485"
"9nSKrM9RMHuwPH992mhxoxJtVWpSmGCGSbLR1k6LxdFd","100409485"
"AURt8DK53LYm95xDKBMHvDLxfVzfzWH7upUYU9U3Vye7","100409485"
"F4mPhUosdNUuqo33zJkdFyjyUsPAcVawmkgjMiptPept","100409485"
"A5bdPdrVyYx1tS7pC6sQy5VV7RYJ4hdj6zmce2uC8qSy","100409485"
"6BrJwhzQyphupkAdzGX9peNFZ35xHzY1Wzn6d93gjsWT","100413450"
"E2yH1X47EcynAJbjwJraPusyN44LtAVGYKuNTHzurAp","100418183"
"4g6imFPaT85mrrCGXr4DAb8ZgsNu1RwDgs9sBivcXVhv","100424359"
"3Gt6hiy2KXajv5qmS5MYV3jRvPpwunfGXdEf9MZMsE3W","100424359"
"Cd5zGzvBeAzD2QySQse4BTs4ZPCH65FPT8p2GRqj2web","100424359"
"HoXDrMM32yYjhbgZr46Phmy2BePJPjvKLucVL5m7i5c7","100424359"
"7GrBUftkNeohMDkawL5cKgiXp496BHPrhdiYgqEzJKQi","100424359"
"a9Bih9zn42h818g5E36dA7Tn34sKmFuMSLo7ZeDJwWi","100424359"
"4gjCLGUSEr2KCq6dRavt2MKTwSsDUBvb4EkYGVptu39H","100435633"
"6B6YLFVjPXw8Cf8q3pBU8xt4t1sHQ7MaGPrYcR7eKroR","100437665"
"ASF5gyUe4zzUz8MCWGuceiMUCUZP3SJJ3RqkEwoGwGER","100440984"
"BHhfpdsEGEZhbNdv1TSZXicfVpUFN1qeQiTWtA3nX6P2","100444361"
"AafyQTS4wmveU5TdrC5m1pAC7a7WWkekx5MPoiRuYMGf","100463297"
"9qdLcaayAdwYiJYS4tvRESvAwqWfMsQtkrb2uuHiWkVN","100516776"
"DPkRRcsiQam4ncL52C7mGzD7v8grWXXErQrQdDP8A2zN","100525505"
"8F2pmY1RSNikgKEoumHBACCjwBE7JwA8waoiLEDiiqvd","100580641"
"AbVXc9y1RVYq3N7pcC4SAsPdhtCpPtN9ek3cM6Mbxkdz","100644466"
"Ad68jRaFgRorZvDEcxDVbowhANP6d8EgAUKW2kRH3vd2","100691278"
"64q6BUsMZnar11Dr4BeLdtTGUzteR9bg7qT5XhYfbQiM","100693485"
"CozqQk77pDz32FubZQASDTwUWMzZmJChFnhhJXxMPJ5Y","100760407"
"5guQFMJVvABaC9nAPyQboBXcnHwAtdDaH1y7cBeaHGWE","100781912"
"A2XZFyofbDkWS58NscqwSSmGn9A4t2eBonHg73n7vtCs","100814197"
"CzREbZU1Qi4Wxs18GkmAWKQhVezq5BFXYRHn29ytt3N5","100823506"
"FNKY1jUsaMvaoGoD2QQDvdz2gHZn7SUdy925YRfbaHqo","100921509"
"AeRjuCWAHaPymD1rtMxBQdf9eW72cSGjwE1oWRa4Wmux","100980516"
"9G4kZTbgJyxWjkJjUtVKKFgsvDHGj9Q1Pgt97iaBTXm6","101020786"
"88xBUGXG9Cnc6Dn6xM9gcUFicXfqDekCH3dKg1pG43st","101023962"
"3jaPqknsCFLYaBzWd95rXZRUz3ieiBNrNfMLwjVXggwp","101024870"
"5PT7Zymc1iHih321WEYuGvwpfu4E4A1aXUAU6vFmMtTC","101108832"
"pjSg9fcgEgwAopvJQUtCv6io4m8vMmzyy5HguVmm87a","101118215"
"BNaaDk8S2FC7FA6oKzyRkNFc66oGTn8HRSXzfQGgNoJn","101121739"
"6MkTob7eBJ6AghrhHHB4MLDQAUNtryT2aHmepTPc8Awj","101123993"
"9bpjF6WcT6FU7zu1cpsDNsT9EFB3PAhEsAFmSLnp3er8","101145495"
"7SLJXzoeFW2k4sWcsaaSdCcvFJ1e8T1ortd4bQCc3g7E","101148999"
"F51DkBYVhvEC9x759uYxHUFfZRhcY5AnVX55WkFMRex2","101165762"
"ErfaTdfnYjsyJnZWRo1zSVxCZumWx8wGN7T6a3krL7Z1","101180366"
"6UV169Ap9h9Je3MDjDP6ftZoJDbbU1sujzU7JnWWrEGx","101203734"
"GfXuwCRttSNJ6yaUtdgY49ENTgSRnGxcKEHqkzK9ewLE","101203734"
"5ynM9r7whGLxys9cVNCCwc1EsDShooRbJTCt3oJ5Coev","101203734"
"2nRa9tQEGdQid3iy4xFBMoXEn78sGG2LbgSSomLBbfY9","101203734"
"8hmYvJoJ93WPCFGpoe1fSXwNHZTeBPDC5PW7eKmcBfjC","101205463"
"4H9YQSScA1b4AKfH94hEHbbmVyN4JiS6Swxkt1uUZYED","101244521"
"EyvxxmZrmp1Wv3u6YrMbM4eFjuTqjvPDW9X5JstVUrm5","101244521"
"9tc1Y1vVqngCChNzkuBpBT6SiLuBYJdn2oMXYVr3qNye","101244521"
"3LPYq6WsxGPYK9ztYXRcT57H4JZvTfV72g7RvHHwWRzm","101287883"
"55ywfypi51NEUkWCaEfbSZtKocfci4r8CecqaH9haqke","101287883"
"7Tob3WqLWcdCMHDySQsZFdCbjwpePaX9MNUzUnYhKNfF","101320173"
"GEUq2TwGsNVhjvxD2EBccSXaPURotcwX61scTufkNdsZ","101320173"
"3PxYSnEaXnY7ifa6h8hDUpZj7iBWoQW4M9VfiDVrMgkx","101320173"
"824krJEijfdee8T76NX55o44UATSxTK5ehfH9naB8nRs","101320173"
"6ztfStTBUeQzjrLmeKBeWJEAnQkYJoLxtMHteHQ311an","101320173"
"9vRRY6MHGNdPBaioGL9EdTAnKbTsqH8yKChxc2EcJUiF","101320173"
"DHLivfUBfeZ3K7ARPHURY29wuRRBriNcywPFvSy9xrGQ","101344721"
"HSuqCwsryVzb1wNQZou6XnCy5pyi67q5fwKFuUMc87rm","101351110"
"EquAL5HfR2JhGVkKHPKJDeD7pz6HBtXenJraK5Z4eorc","101351110"
"4fr5GS5ksyC8RCaZfJde9oiMdtZnKViP83dMUVpqYu6k","101356062"
"3pJ9cbbszNtx1jHFtUWUjKddou72vNVF4raCrLwKJywj","101362532"
"6hT6ZohBJwgVSxymVVog5Zuy1w3zKfWYTgYpAaTnZkt2","101364408"
"D3TXJgPfFXFtP5QS9fvB4ywTBg3zNZRJDFo6aF419cMq","101376734"
"GUgKN4FwU2f2onj2kdHk38GBnVe8r1DBEAyuKUghQxmr","101384400"
"BpPEFjcks7T9R41G2rTUFLMdpx5djYiriCxHkx2YBywB","101384400"
"G1D6cJuTP5KiXcUjrjcF31TrQbJzsnDcKuDTHiA7iZ3B","101384400"
"2uJwhDHRbWNL4sVAN1dJZByGiCtdVLE2TK8846Npw7ix","101384400"
"G5dA3YhttSW1MnJuUsryuTwSXPXsUuZCtj54wnwsCwb3","101403638"
"3rE8bfYdW75D3UkMXrR84XM5vXeGXA7ayuPQq9Pi2Sgv","101403638"
"F5wTtNJ2dq8s5ag7wqxru6XiHUBHT8E5jz2dQp83XmPw","101403638"
"7GFR4C14s9bAgLvzJRbHMjvZmExGLq8vzB8LHQyvjuKo","101403638"
"FfW3WpJE57nc5ahvz4YEzWAdPaNUhwv6QZcwSVYY6WJp","101418660"
"BqCQGWdDjnM73ZSRdz9LkuT3DUiKdPCnYZXC9tnWA2qQ","101436040"
"Az7MdVwYDpL2xmCij11fKeFt6c9vo9town5X2VUwEuvA","101443112"
"2N77KMSrpA7VeVj5ep6K1cwJJ4oxNsYB1HUfZZb9gs8k","101471051"
"EAPxgeUkUt7SDwHciCgHvnzqfn4UKpZmr1G2piCHtceJ","101530953"
"7UL393f8RQ4bAXZT1qy6VRnzwLU5fRFRzHzwQWBCjeoT","101602777"
"9kDUzYZPbNfxyqhdFxoxRAQZ2EXWZQB75n87rBabHNzB","101602777"
"9cY6Gf1d3yiykTkk1bNoEsBxNV96p1nEQcehVEMNYDn5","101653844"
"FQLcNUrqopJjrmithecnWzuNFEU2QiSq7WutCU9Pwtdv","101673318"
"3PKSuzi7PzP3R8VBSbKz1NksbvbGH7dbeMRcDnw5cvTi","101701969"
"FQpgoqDEtYTM1NYmTxgQA5CNSYwLV4K4Fy5dyKrqMsJW","101706929"
"6sz9bBD1F2AWuFot2jPHtMhLKTRigeYcKYU9d8Xf8ef8","101706929"
"Bj1buFDs7tMUKMfyvJW4gRQkVJuasMA3rhiUvHkm8xmq","101706929"
"Er7kcdkwz8LxeMEXLwxMUvYa4RR55EVN1LAKTUYxT2La","101714864"
"DoUfJ3fzyR5mWxSsMxfPLw7BB6hGQKABF5nb2kbejgFA","101753471"
"FnCYw69GgDnVxm3ukXSHFe4nTnkF7hKQHvn9y2ixpzCD","101823126"
"51foYSMPVgP3WXDyqFmxv66iwhsDHxFT7yfE8hid3S5w","222900145947"
"BxiVwghN9H8nutKu2fCeYZeK2QfMspgc57SiHu2umVVB","101904763"
"BzAGFWhXN6UecDW9xsy5qHYCnVZvXVZXfZGBqqZNWWAk","101937462"
"CMfVEqoDTyir7RVMcqtEeAgbQLVBjTEttgzsMWmzqZ3S","101978615"
"BsnAEMzSMk11DVayVGunC1CNuR1yYQ52szbVYqcBLbsf","102087748"
"EvxY8H7ijtXGxFu2Qb4cBxyQ9fTJZgqL56b8pDZ3mNBM","102096165"
"9T4YiAMnKT4kvbaQqc5v7bULK1jGDNNhAfhf27VFx4jP","102136422"
"9K5KGfAoTM7RosqF2bF9mKU4znKMFbEw7NLEe8g46qo6","102136570"
"6gmK57MfjEUrdQUL3ThU72DqHRvTXZPtgkxt1sDXLddq","102144465"
"HZnGzrJYxqhqjY2HEKWv5tEQ3H2ipFHq2LwAd8VegCS2","102168174"
"6icCJj44nbR9W1v3hpi64QXtCkrkmpaSxqNkgw2uCctb","102168174"
"3o36UXvwzAimRa3orjEdoRwqMrmnYVNNnsSXgADGqjoG","102168174"
"7nQyEWy9z4uNf1Smtsqvcgx6HfEGWtC1KmMxepoagX7W","102195927"
"5EJJCPQSRokJ1zhyntgvVzbN69sXpZmM28xsLDKrPqar","102195927"
"6E5G9Lme2q7719YhvHHENfo27V1zj5TpU7KuRSUdyXyM","102237114"
"EGv5FXjCLuRQ6H19pLkN1dR7FXMZuMKfTWXJnUsiomAW","205502092"
"CDudwcQUePTrgerNNcwPaCxScM45ynKQw2qxfNs9hL1R","102267757"
"5BTzKVmSSmcjuAU18hh7wY1kNAHkHuj1j3BjkWQhUmCY","102313508"
"4JnfbwAUAhUe2orCX73L6RXg17QCAG24o7PEh3ZgpxJ5","102314486"
"HQMZvRJLuX4N5SdmuQDCyz8MnUsWDUt6pwyemeBDXxgX","102324442"
"ZhJzcqkBfxJpbQiH2wSW3J1pmq1jgAmwC9eRseSpJar","102352201"
"APRY4fYas7xF2fk1Z61wWySA543V4WYJ89LnMZ6KL28B","102378365"
"3WQgPHbDy95iqUKoqnNTKMxCZqezuPem7N9bc2qSRzDQ","102378365"
"GFRFA4rL5wYb4u5iaHK2BWcTkwCFED9LDhktzhWerBhb","102399959"
"Apiqjd7U4uNZsmYbN1hWZqmiQgC74mZ4kWKhWUjYvEBz","102412959"
"zC2vSth3rZH4XqpVBTW4JnyNFZafzE6Lc8aXTK7ikWR","102500000"
"DD1NFWK6miewFZxMcfuQqTrbqrMUVw1xSZMPURArg44m","102564943"
"BDbNCmuNoHBj8SuQwJHLiiDFLsud6J6zpXbaYGznZPvV","102650623"
"5op6tBZxzGfw4gQNYWxrLePD5CbCkokiudoa6qRPVdM9","102650643"
"2UpGnmhLCbyS9m1WwNhizw6JM5nHwQon7Fg3AAmSiFLj","102676554"
"DAoQiY96aFfxYGCFSFxn7RgRJ8a7x3Wz7QHzypQsyQeE","102792796"
"9Qd8xy5HvGDr42iXkcnctgxmmbWAgRkvbF9QhA34ghVA","103088335"
"6ACtZbyanDdDna86pBUWsWhjYvtguJzshmPNBXN1kgKo","103194119"
"J8f67UJogDWWjVbrhqAC5HAmHHdqhpXgLEr5JckfbfYN","103229708"
"8Wzd8s97jkH64ywJ6MvPhQgEzMm8qr2tMKoAyD1qtj3q","103291306"
"9VHcFiBbhEk7rTCU6aXMD3m1aLGkXkBBZaV6KgQUeJHo","103314576"
"2FVMzff3tPBDUE4Jhrc44gZPuueJtExU89y3u6ygwiX6","103372330"
"2MaLJddtYg5UM8Dqrsaz3rf348C5ijYp3K8enDfc1Ji8","103391945"
"3qXRU51zuRXzGiVsoucJpH57bjVTs4uzEJ7EFdHsvTzG","103391945"
"3hy2LPdCDh8EVuix3ChCPNjc9GWdZVfq8jsqnKEWsAE4","103579784"
"Bw3w3FJiYYuJfQS1Wo3ESK1vVP8K3A8qzS4LAeB7QUyK","103673836"
"FH9EgUg56hqgW9FPbD36h4pdcUZ7J1yuDERi8qQ6kc94","103778269"
"AD7aPgyET32aWLU9dKT3P7UcWm14uSbqAYq3FaSV4dHb","103791042"
"8JtzuExGsXuMTcfXR5s9SxBg5dYmdCYC2GSdcqkb6f91","103801894"
"cG24wRvHvSN278ZtEC9RW7Q2mNeLDxJbJJ3UiMeeLY6","103802413"
"Dp4caU5oQ8MMbbgra1kpWAWN7YKMLRX1HFGXBUXthCpf","103853594"
"CUW7aGvCQ5bmNQJ4GhFK17gT1Ms6McQuxgmeuXtN7ipe","103912547"
"3HZ4BjFdLVKdBZiFBJtzAMgUrdqDtEz6Jjk855R2X9ki","103984115"
"HrDBCFm1b6gqUEUeJrkDB9vPPngA73XuDpEmsEngj8fX","104059538"
"EKeepNu1hGATh3a1U8fmurFvBavU6FxHG5AJyfmidAem","104087758"
"AUG3uykC7wbk7L1UFEE5PTYsN4oMURWLKihTVXSFr6Ln","104113409"
"3HzxTnvPouGCEKNQVBgEwcKp7rsUdT2hFcGuwJAUpuJ6","104118112"
"ELdcnyif8SsDT2UbmA73yedeEHhUcby1uahi7iZmn38G","104119653"
"AwKBc33T2px8xYRA8rNMPZ7pSbDp9CipmXAioAwpJC9X","104131963"
"FReBqETc7HKDMf2AMFC2Vvc2tHgqP9vUS19Mpi77JWtr","104180314"
"HcXkEnkHjEtMmn4x5LBFUg6jzfENfrHVT9XwU5ZVSYoA","104222301"
"Bb54a1PUcAxi3bWcmPzSYHkSpKf4gzDXxxgU5DekNQqq","104266938"
"F1B8CnpyBdNZNq1WvVjTmtYApH9VoNDmHLDj5qm1i4AB","104266938"
"CgvD2XGqABcyBLeSXKMjqY3nXxhmUedatYYgHa2BpRvW","104266938"
"GfXaPZeoUEcVVc7sHjgRsC3qgckMxvNpwU6jXUGngpk9","104300179"
"4tLrkrjZqvCUFZqopfa4Kyxnyyr9XjuorBpUrwmGZBtZ","104300179"
"34WQEPmmgagMU2rcHrv2YJXtE7JS8539vXR4ZuktFLjH","104300179"
"9JaJZY5d1WcVmRPr7aod5yqeUkhUt6QimQfw81XWkHQf","104300179"
"2xJqxDZgv2J5xuJGp8DeGQv3GfnHpbYnpodEk3LDQxk9","104300179"
"BWPZ8pjj2uNm5K4XZHqbbT3xXzLk6Asj37tcSFrGWBz","104300179"
"BRum6wawRovdCSuhS4MX9BbktpY7KgLSdjXo7TXVQ365","104300179"
"HCMKoCronWpcWAsM8MeRWvgegDCuHJ5hfdoZMjNfEjBh","104333973"
"Hn7FkTjzsJzW8z5p5S4KjjSqpaQkFFSzRX98RdGR2PMR","104339622"
"3gKhcmBVp4uyXxVwuK3CSUAh5nASN7BbMUL9NfJHEQ9s","104339622"
"4mwACuHFP75M98yPsFAbpvCYzFkgkuhuGV64q5NxbDdu","104339622"
"2f4Tg3bCNq27CSDe5ZkPP5GLrb3YnSworUnvm9smTSjr","104339622"
"4GDtwaQZU7qVAD7F82M1DnXU5inas21VJv97neJT4g3B","104366294"
"7qBzvSbgCvQBWtKWYKEfQsexcYDGF7Mstp6JB6TsoPL6","104366294"
"GkoaCYMUQBZZnnJzxXA8sucB9LMCnS7o5vp1xiSwgs8n","104366294"
"B7ptaxwULNVgATT2J4LqSuwZm3Ub7Qi6vN2apCZKxVAU","104368563"
"9W2VEDWV4mo5aCdy5e1g3iv5RSg8wunFwoaYiKwYGTMU","104382972"
"AfjuSR5LxnmEcpPF18gRwCyHSGEzDeb14JeDnyBiEvSf","104385155"
"WBuLRK96sfi71q4Ecs2Z23iuoWZCnsNMjWXJctH1A8y","104386098"
"E9FjnUGQmyzgUNfVhZTomta6LwPSJ18W9roPeQJovJGF","104386098"
"pJZL4KKGymSmyx6SSLAXVdZ4h5gHnX4dc6LjTg8VXsD","104386098"
"9YDJJiKww8Gjg1aw5ufeqrZARzfH1vebQo6xcf3F4tr6","104386098"
"4Ktc7gq2eyL31GEaXuWK2rK4VHKKqRfYjmi2kSdMFsgU","104386098"
"DHQhLBR75RRvhDnXqUWjYQjnUAaehCJMTgsPQxcBiKG7","104401561"
"FhKU9meXbJdAUg8b8nd8kkr7XuCpxvsMemDaL7NKWtoS","104401561"
"GvmpD4Vt7MQNhB5DKeKCTmP9c5Xy9Vu3RripE5TSrqv9","104401561"
"9yxmNq93pPepJhFbozKcWyi7H3B9AsuRZRmoqKFokGDe","104401561"
"AiwZLAA4qViAnfhuykAZKfDK29H3kRTLr27qS2m9BW7m","104401561"
"Hh5L1YJKRwouBhraUAUkSXTwRzs7hstqm6Ne8q1KZ1cQ","104401561"
"Gyf6RN6U8qCWiPAQhQ6M1RJbjfKbBDygVwe5w7hcanAU","104434847"
"G7Kq8FzqHDP8nY4NXVA3mzuXBHGz3sSsn9WQ51ofWYWU","104529836"
"BsE1wojw4dimW2h6GcjWC29LSeNjSi3FrTBhMjoDF3Pf","104619965"
"8wMR31MjL7ZkrAuLE7WcjDYCccB5DAbW4bmAawtps214","104664288"
"C3MJik24Ai3miarLcH4L1LShBYMAT7YwdeRFAobiVzuo","104753337"
"J2xF8kYmp7eFbUgZqJFfxRoUw6EB43F2cbPj1vTSPqs3","104762877"
"46iy6wimgiXPGtQrt7bBhP3EKNvyvVqb8ppXLuRexuc9","104830770"
"3xWSnPE6c2LSeXKh7TTiEjSMKcPfaBubhbU5od6ZHYcz","104836220"
"AW8jZ7HUqTUzGwaMxTzbdHaDEZqmwp2ffH8KcLestPgX","104937783"
"HomX6EjiGkR3f3AU8AVDvZJmZ7yBbRDocCKm8gNZUqWJ","105025282"
"2ete2Lw7YoHPkDT4jWJJHe7Gysrhcziq9EbH4jkiLxjy","105051657"
"6yLndF5MWGXhE6F5oZjTcfRxFEzu3RmjCq75THxzfiqq","105292594"
"3Rhy6Ra8GPjFYfqVahRWjzUZosQ6MaT6GihcbBoF318w","105314366"
"AVDxYUNC3b6fhLkZzQbQcEfPGct1EY9aWeKmw4WCB7VL","105538480"
"HtUVTL2wyEYW862C66wLEgqNAJNKmRMHk8c6aysRCpo1","105585673"
"Hm8XRsRvDsiK3NRq1NrGknTiMudyHnjkrSn3WdevxgY1","106029614"
"fdaJaXu2R7MdDnhXh39XJBwDuSQ2WZfG2cTZH2v2znh","106374405"
"Mabyo9f24mjxPXSrknsRJQHR9UyHci67BTQTi2dbnEx","106374405"
"Hs4RnZarw9ztZYUA1XFCcUKdMog8LV6qV7vVbUGQpoRC","106569428"
"EQYUWtYbtvN9C9ixiupXPjHyFWHsYa7dUh4DSd6rxbzt","106673896"
"Hhci71EJbHUc9rgPRXGxBiokcsCTmoXxm98cndcJuM6X","106757741"
"EpNjFTYWHKAKaxoHEeEKpehdu1TrxDopfffCtMk7yvwR","107164317"
"H2cKDhkDM1xcGmzQPSzMpqMZuPWhoePfwnq8WaJtPpVr","107192923"
"LUa1tmkAeC4zoWh4veLdWbRD4McowhYLbjgJ1Z2EXZp","247190058299"
"FxMCSqGBSVY4FEhEHxGGiypH1ZDE7MwbxgdZoTsAXkAc","107541994"
"23GgYRSq8X7XJA9DmLwtcP2gnKoX4csSnTAukMqphYk4","107575225"
"HsJjwVsaHjxb4WFZ6LqvJdWKHuBucDp74HPLoyu71Vjw","107599023"
"38hA3GB7oa4swcx1Tg42oWSiAPVASvtHPSZMZdUzvamt","107626881"
"GJwoAwgWAYRdx7f21pso15SpwUXiBSFcD3RGfC794Yut","107713907"
"Bd1vnPwaFyhsjz2TDxhx2L6Xefy7kVz3cKtRLyyy3ESw","107841805"
"E6YVPpHm1zj9gy41z9PX4Qc4sED4BXCa8DNqeTHGVA4W","107841805"
"HT8pRKZWCDXbHnMCCZrCB37BB9wqggv4dmXnejgf7F1H","108084718"
"2sXjftjL6ae2Twtnw5Pabd3cPXdN5YJ3vUDhgxXgemfu","218223284"
"2MhzZzdsJNjs27U3HZd1PrP4xDg4T7oF2attejv5KxQt","108259361"
"6ca4EfjGpKnL2BUtBs2DAqT9EF6d9s7dJMy4vBjnorQH","108272329"
"26PmUMfT9bG7jPcZRTYL2VcPSnsZmqdmzae25Smn6TGr","108334933"
"2HxEkc1Szy2TEi22FC4YZrX7izFKaRcRs8Eqzi9LQwyU","108446723"
"5aemawu65DXzT7EqMM9Hyv6HXxrqHVr1D9MB2dnbXzdQ","108447769"
"45nNZTamJHdNkFjEyvVkna8HQemdAQ1Aex9DGpbxtjZX","108585689"
"EuPUHRAsL367cwq6WX1uy6xDVQfRsTVozn4myJPjBsPt","899360853"
"E84pd9j3ht7HEvgYBTMBf9KFm2opbPtM9Mq4s1MjFqsT","108703637"
"5tAYXEpQa5eFbW833cNNNERqbfxxk9YsyzCobHLE8Y7F","108744272"
"Gm4iFfxV3Hx7zD7Ytaw6KBtKchXB4CUnJUeyBK196ogh","108789664"
"AbxCByQM8xNsaoLxyK73nYD4DdVq4TErtwdwU4E8Lss9","108805761"
"7VuroZPjKF2AFdDciS6gdbHhrnJpFW7nGgZ3UJV1XgFt","108819691"
"7Uy6DapMCpfzSmQ2ddDhueqjAuh4Q6esr9K5nyuN2jym","108843987"
"HHs12P5kj4k9ZWrHpkxVPaLMFrQoXk5ixCqDJbn6PcvF","108858062"
"8VvKDqFVjzy8dhAPutVeCWyonM9gZDN5hhSJWdVy8Nbp","108889370"
"7xm2vq9cHgqFp7cAdiUabSW5pnbKZmtkCgQca7zAVH8o","108894639"
"DX7XZMMq8ChHQmpVGhb5uBcT9fYNDnhCMDvPbahfP37f","108895625"
"AXhK9Naw7PyuSkDecpQM9q1TQx2o9mSxegmg69X2XHWv","108898775"
"6XVGxB6YSu65BgK1GQ31u8zHjWHUvThWYEdwDQe8ijzy","108899597"
"6e3sFT83WaMg9SmKJoxKERfwoM46qtkxDwmVcxTKF6MQ","108915300"
"8kCbtsG95Gjn1UQ8WZbyErePpNVQqXYdBCFfqZN5qmSd","108926461"
"ETAa31d2a6rkHcANNgVa6io9x888nVKKQEfyriVz8A8J","108943591"
"7fUw36ERSC6b67Xu9XYw5t5oMTFd5sRLoxJhQQrGh98N","108947107"
"HzqYL2tECvkejVLc97KroudsMBzvCoTuCQQrJVwfM8gL","108961843"
"BnngLM1Ys5r1uBFv7B9gxftddrRx7FiQmEuo6PkgP266","108979509"
"Hspx3w2Bd1BMiFjTxURs25LH1RSzPJe1HBSHG6SECGFh","108983534"
"7X6MJa9RVXPXDVHTbBcUJw4PK6rwj8gujNnYQbN2otvz","108987949"
"8D3AaGPhEvjhEnR7LGkoEmc1nNMP8WsQBXdZSNQwDdyW","108991190"
"9SnxkQ5LXcxJCCjyR1xtFDasDPWqjZeEQBJoHbjXUKPY","108991548"
"H6c5qqyDo8j3bZsWE9hdTZnqYkfoKTyyPnZyAjYxAmvH","108995529"
"6Zwc7fbzydyjtHpcvnTLux1B88jE5nPH6zn9zhmteA4J","109014117"
"ER1Zxz869cpzUG3rTqnQe9m1FDFUVapWeBQM48cAGcNa","109022374"
"AKpmdH89FEaUWHjP4UF1FDXy2KLCrvQnwKCLhEjTi7rm","109039950"
"46ZLQ3efJy5M7zjX1J3ir8s2NgPrZQb1k2eArB1sgcBJ","109039950"
"FQVwh291AjtZqhdD27Jii9bfjw2m9Xzwz1mGKaARFrcf","109039950"
"HSme4ZEXcF821NHeMVGPx2Raz6ZsdRDu7Jc666Wn3S5N","109053967"
"AtEuQPwyDLKrGSJoVjAxFXU86aRtuQPirgzxcrxBxob5","109077431"
"3eBXAaonGtxZ6Kdjzo6YMfHNaj5aHWz1zTeL5FQbYuQS","109077732"
"GgTXDNUyj9fVX6ZNq66pKPR1A7M7ZkPeeYmwJULU4Umy","109077732"
"8c3VeRspcsoDLjZmQ1BG2n2Y4gv9UFDWt19yobZ9sk8X","109077732"
"2njV38UETmRGzGXe78oQw4yWXz6oiGT4zHMe2qoDb726","109077732"
"3RaoHwaqN3qxguQcL164Q42vxSBTo7A52AJC6F491cpQ","109077732"
"U8m7sYaLfQufgJP39g1XxjAJ2EEcGMU2cnJ5VPqh2Dt","109077732"
"9BkcGstqHtzWdiJCCs4jgt9GhjtHDyF4BremgNmow6KT","109077732"
"7viaSZyvVtbFXs1trM5h9X4VwhE3qa39Dfar5Xawp6e8","109077794"
"J1gXH1wZwwb4CE4Wsb3gu4RFEzRN39evM8PXuQAB9k2W","109085391"
"G6Sc3ZZsYmKSsuAaHx8MTiCNAQPSSF8pF2LJhwUbC1T9","109101547"
"3TRQyhD2ZkLxp1wiM3f72WUL88DJTquG5MaHkJT7ctPi","109103124"
"AjQmvEeNTh1CNXKaax6sG8jYpMkACcbyFkw18WtiksSV","109107850"
"aT4XMaF5FWTabCGXF1JnxtEqHU7HrV4bJGSXTMdSUhF","109109039"
"6CbfS1bRSsLWFi3joCg4qU9K6jwVmpwBkpHFC6zFA9Bp","109111642"
"6EmwyVyarmYw6zb6mL71SUzyUxE1PihHzzXesxFyLJGs","109111642"
"HuXveKg2QDPVNsHmSSAYzpVJyMAd6PrnuPcAkkWzJ2CF","109131828"
"HyjatPVtc1qhJN7ptgVs7J85sfkKDr1ButGZ8ydFnueu","109141281"
"8gfi5KchwtU5MZkZjXtUoDtDHamMwEPxZt9ZBGUWUAZA","109141281"
"Cx6EbUM66Nh7zpkycb9yampQdFjVcoJyQ6bkRfb4HkD8","109141282"
"7up4aj9H5hsjaBGqxGZK9kv5Wes8mVUnz4J6Cr2i1zxm","109141282"
"qbYfjEWr9uPPkGZhZA1exvupqEd1j1fh5dqv71gGzi4","109141282"
"9nAKPhMFctPw8aTqqpn4jMRH3xgSPw8w5HuACHTowFJd","109141282"
"9roJbLVVwWuPGYKZxwyXb9mCxiRf5rSVHnmeHMdNXLMg","109141282"
"CZNdWafYzBYsqDcyi18zGcUScHNo6TRhkZo2uYEnJuw","109141282"
"8FLzhUod39V6Xkj1NoerS1tx61AZcLwi4GrRFnhPCD1","109141282"
"ATazqp3LaskGGznEgqwjcNju8yMdKcYgvSjqtVxYHFnU","109141282"
"3y8fWVM3Lxt1PuLCZiYmS9T8jBtMtG8r16YkPG4dYmYq","257667917"
"AJ3CjJh87TMCdFcvuKxLMEjgnbKiRijJ4ZiEMU5MkSh8","109141282"
"83okBZy3xaZWEqpJWDesvChyhEy4vQPg9imBDC2qp4tF","109141282"
"28QmR4Arm9TjpRRuyDgcpFQ4Y5aHf1jBwQmSGw9xLqZW","109141282"
"9EXEkYGc7oGeRSvJjMURS8BtZMKAkQ1djviJkTrmxLPp","109141282"
"8xqNKEkaQG5Xy5DEcwmLZTHENKyLDHqq4X9Sf4hJUgt1","109141282"
"ERwrztE6hjEzxoRTK7NLYBZxuZcQob1FbitYehG1FQ1X","109141282"
"BeocNW2Ag2ifYP1XQzVjw2UQvSy9NJ92SEu7qNEzL6Dh","109141282"
"2oVjGYkpedxh3D4kYycd9GejeFvTnxcMV22x1T6iu3bu","109141282"
"wurph1tC6E4G2yGwuongzraF8tFzH3mW5UoQmw7QyjS","109143829"
"ERerj735Rg3Aa5mn6eyktQR8NiigLjzW51qkN6mofkAq","109160669"
"7CoZkcivxXJjJPK9zRvpt1qUa1G6MwfP8bUcmTYWZqMk","109168652"
"6G2bknwtemrm5xGUMsCqJ67iNpTLTtK15236TnofuTB","109170042"
"6vnpw6N6SfnpMZ9PN7am5tMqryGbqAo1btoxoARiyH6c","109180216"
"6gzTL1FvwfoYYrHDepJDjrv8WHqPMZbHvKBRWWh2wHGn","109185268"
"9f4Dj55s922Qjhn4QBGtc4rPGnBqUkq9fF2SHG7JbyCy","109185268"
"2WgsPusqc4XgDzsRrno9cAVGRKzLKXuJj93mm4jxmMV4","109185268"
"8quvsvmq1nzqapUrctguFNKiGAD2KoPwesQedxRi8A2q","109185268"
"3PZmP68rWeovNw78LxTk5Q4wzcFMuSDSSqhjeJ2r94gu","109185268"
"5ie91ZPBcqM2FWpKhc7weF5MJytgBNc2E1L4Z5j125Qb","109185268"
"5RHvd58wyJtcumuyWNtqaeYE7Yy5JwYbuMar1e6xZd7c","109185268"
"2PKDfzGrYLDDeL5BzVZbAUFFcxTboUgdEfbAUHpjdNUU","109185268"
"4mGqNno4SYnKnTiS1ggF496AtQn4J7FoPMHkpNSYCjQB","109185268"
"C45J9bEZTiaTBkQgn8Ea1f4d6MX494u6aPaUD6wn5Qa2","109185268"
"Dh3N817cE8kszzr8Yb2YaTpg3bbDGWkXPkSEiYc1y4yt","109185268"
"CtAUZdeEPBDWazeqzAjcFn7S1wXSc5HibAHifiExEhY5","109188705"
"4y1FCaKAdNUaP2Lv9ZZVuR2mwxjYeDqs1n1FsCpB3VyU","109202282"
"5R2ry1tX8FTM27u5ChahmpHadK1pUd8KsGmPd19scR2t","109226782"
"HZtLQeMM5reMe8RYS33t4SddnYmecCM4r44qcNGcMBvL","109232031"
"3GvguFtzAUVuf5ehAmQqVSKG9YV7G4cKxhxNYV6HPTgZ","109232031"
"5sjnW8iPBHjvzjiDKtvYsttBDeSAW7E2mEtuQTTAioEz","109232031"
"CWf6pEYZa5tjHp7cdVMBMt4KypY3edLE4HEU75LcoXXT","109232031"
"AesVAGaR9hPoQ8436yLT2M4YwtdjqWWGkkuZ4gtxMnVD","109232031"
"36uasGW2Z3VPxA1s4LEEMmE3ff5iAnqkvNgNr7mcsdW1","109232031"
"4HYhFHVTAnPHTJWsdUtoiuCS3mvg2o8UQb4xpwZMPtFK","109232031"
"6iJwhjk4sVoBoAufoY2sYZsqDFUkSr8icqomgMtQ8Yub","109232031"
"aDQay2LCfpJzXi98KSbNK6xe8kx29MCGPJsuuMU8WWj","109232031"
"GxPu592qKseMVAssJSGgzgF4PoZ6P2EpndZYBC14srnm","109252804"
"A79URscqjqJ6Ha8kDbdLZnpfokidcfa12DH25U1i8gMw","109254885"
"FwLBwNBvgFYdrisxo5x8zi2z4KHwtiCRSBmoAZm6tFSy","109256244"
"6vqbkrokMJym76aAkHbJwGa2JbW3cVkzvWZYwTA9KSLb","109260544"
"EGFbuc4B8TVWGNqA5d9wZy14jPMADYzKnXEgBTRTUGJ6","109266854"
"8nTVeeY8xWHVPzNP79szmb4iuQ5qDb6KM8zvWQdGWWck","109266854"
"ArRLNBPuYq7zn9FfT6WL4k1ihxNAQuD7VzdzBwHSVwi","109266854"
"6xkz1RZEpQDwLR8g3RQZXP6zVJthWtUu8J7HPY5wNsXE","109266854"
"DugXgr5cedG2RFVRiG8xrhnxqpvRoqq1mjRcW1gPTPVG","109266854"
"B4JKMoEojbXayz5PkVR81h1N3GKYrGME5sTdddK3NMyP","109266854"
"Agahp5WTqVrVSXsF2iDjN1iDDCKqjLPEHDm8fAhgjNsY","109266854"
"H84PDcp7ugzjEnfHMBhkUibsZYHbUZYRHkqCVtC1LV1M","109266854"
"C3esRT1BzwXZtxUW7D4kFnbYWaCavQAMfL5rqnLCFNdF","109266854"
"AYbfcbfsnM2AMUD2iUWnGo6twK315jq8N5wxFgHbaNKh","109266854"
"82vdmbdedcTEbZkDysPX3hA4QCoq3GH536yFgXGu6hjQ","109266854"
"7ruWFFq55h7tqKq6PwdEdxs4vZ7nCaGGfmA29saeJDLu","109266854"
"3t7GrFKEjY3Ef9dZdgqYNpfctRVkC413aN13EKx1Wwcx","109266854"
"AcptyRXNuAaVxkeqKLoycfzmXuU8XJJeHHEgkF8jnvUz","109266854"
"GXpxRz64KP4KUxr5daw8Akq7YwTQJ2E8JTZSWqdQNP1a","109266854"
"B7PcetUNff16LwVPQGrMwcyf8GYmG9KDcUEyaEcEpZRp","109266854"
"dYq9w5qsDmnxoXZv7kLeWyLzdUnPcEvZubzo3zUJ7cQ","109266854"
"35Gf9ALRBB9y4NTgvjQpVpnneuFbad71iriHWd6ZLhk8","109266854"
"9CndQhKvXquaXiqpR3gNTdcE3UQva9rDFRd5URq6gTZJ","109266854"
"6FkAxxHHhWSKtrKWmjnhGERYoJvQ8sJtyWgDvpd4HQ9G","109266854"
"FE61Qrs9rysA1zx79H6vZd2wTvQNhda3VJ68shNdvcuC","109266854"
"336dCiWcLLX89zQWsoUMaNAcENXqZ3YhhWLXKgjfyESs","109266854"
"5SWUukkfEYZ295NnqPFPsAgzv7nWoTum5S5KamHaomGL","109266854"
"EsM8svtCCbvmXh5oA7fuf96cn4XXbC7LxBdePtxiHN7R","109266854"
"7rtmKMHWGfejeS7TUDAQYRtVHkD3whPuYRQDk3jtQWnU","109266854"
"BMbzob7Rgag5CVUcf1ZjFTcNfAUyoR8Sbmt1yXiC6ASr","109268155"
"AMjcaHLG5HxFt8M5grbZ4MsFEqpcSaTFNwc1Ehkdsmme","109268978"
"3zzUhiCiW3nQX2at9T349wRLnktb4HE6HmM6TE3RVJAY","109269243"
"6bJYCm7crHL9GoaGE6Gy6SVzUZaYxzriF32b8y171iE8","109275171"
"F2XR3kDim3CcYFy6iHsy7FHoKrUJrtoSvPC3TmSCza6N","109294162"
"8hRWJi6fcJc8hn6XdAu2vpoSjGjpYwFUGwH1L4xPkLqg","109308174"
"BFNyRNSXWrJYtzUjctQ75LcS8aVDWngw3uVQJUL2Kjqu","109308174"
"3bFJwW6vBV9zUNuaZ8oCUYgcgw3fsqK6NQe2pvrY7odA","109308175"
"A74MZ1Cn6jFqYgQRBM7NQc9LwzAHrStADucsVvbi2wf9","109308175"
"2diLr54AjQC8y5B61DS7XRKjr3ym6ihqeWK5MsPq8xyv","109308175"
"8SpGDBoyjFzVgGRqXX4MS43aZTFYZtWFAKGqNxvmcC9j","109308175"
"9NevxMQ8oZzRsQYDNS8jKLEWzgE1SFqQ4kVErcfxxbfn","109308175"
"ERziyuYjTrPRzbGRX37b9gM4CtovCqLSteyJxpPbb9WB","109308175"
"Emb1oP8jVaK77UhrL8MEiAVtdSKthLSdkFWBP7a21Cen","109308175"
"DxvnZwPvkBrok4cU3C3tU7UqUUdNeVrr8Nq7zrw2y5pu","109308175"
"BKz9bbUuBQHt9bNhRkkN4JrmJzNwGcKtvfFB8pKcRi49","109308175"
"2cPjFdK7pEQQgVH1Ggve2Fc3Ffqz1vUUAFnu6CXzCcvh","109308175"
"EtPX1PBoDuoVgL8EPG4HZb5dr9c8a1jSFqXcmGUtoyft","109308175"
"7LV9DtPrRrDA7u3A1cMmcniSdu6GzBdiRV3XvmDnhWpM","109308175"
"7h3QKfMEFmV68FsCG4WkdpqQuLkK7n26B6CkL8Q88jjo","109308175"
"7MXZ5gCNVvnNiELR41BjZibXznt4auA4JeVM3oq1qjky","109308175"
"AWiHFrL5MLeXgkv5cYX8nbWRrKUNtoFNFZM9yERMHM6C","109308175"
"8R2rh6YtRSAZt79wKSq2RyQudDx15VLsjhZG8LtLFMYV","109308175"
"9M2R6bTsVKeTNLSXXxDyMnB6v8FbeTNWfmAdFncNXiah","109308175"
"GM92CJy4cSbae8VmMCQtxUP6B3nr18avHBh9tyAqqKrs","109308175"
"GsAnb257nfdPXhWQR86ivUkWyMbpVDTqxAq65m5EsSva","109308175"
"8w9Z1vqx2NL6WxQo1EDVR7UDnymH8CsHtADWnnpztuJY","109308175"
"cvS2vgw7PrStJsMuBDEJf2QBRfiucRwt6E2TPPg6qhW","109310561"
"HX9oHSroPX7ZhDPJ28k3fQN13xkCHpwi6uxq6ugBqkss","109314201"
"9GzDPbz1V9UfZu6Qfam7bCXAPBCNauKf8zeCXCdVeu2s","109314846"
"8mpXkZzHSVHTzSYVyaWbfW2K3uFwHoRdu98U1c9p3vk","109315052"
"Di44x7SGVhNWuTbYXrkMwMGbXgC1XjLUAwFv8qRvXvpf","109315508"
"CFxe9JCtdJEYbYTiBWb964f2ujhDXYJtESnCtxwof3ZY","109320596"
"3ubZ4GFeBFwCAaPD9rsPuoCrgidDkxqhEZK3rmTyUBhC","109323744"
"6U4B2R7DWrGrWHhavyjywzaasRwoukH3DUrKwywRKzMq","109326828"
"5z1iUBAUWueWTFNZDd9zfgwN9pb6NedFEyGwuETMsetL","109333713"
"9BU7LjgzVBLpVaczQXQmGeXdxvucCEiH9hfaPj71jYwz","109336118"
"7FkjNsknSuWFtawyUNWZQXAveUQS48Ze6JVfbXMFAU9o","109336118"
"EUXx5CkJAhSGjkkvivMS4N4EgPairWFrXaDc7igAANBK","109336118"
"9uhWFVzwb2M8zfBXVwDyryhQBQCaWLMMrLxEwgBaoj7d","109336118"
"BJzfrrCyMwfUFvJqUrXjcQyEwJrXqAjLCTVwFEaEC59B","109336118"
"9aVZYD5sW9ohJVGqCtkSdYJTkn85G5KWhc68ykofzPoY","109336118"
"2y87m3JvJzC8VvnZZYtMe66uMEwMppaLuw1XcrbFEyGo","109336118"
"6FsSTsdXfdR6rhCSn5Z6SghhNGs3hR6yPAsM2stc39QC","109336118"
"7Awbn7iVPjuTNXQCPRwtjxgdARX3jXSBwUhR9c9yiBGH","109336118"
"BRnL1cVRXpybHosfep639DJRgi2dLayNLMAen1eCZDVr","109336118"
"5fzcm9KAXQSwDmRwoN97bB8YZsJ62v4v9n2VkXhqtLv1","109336118"
"3rnfK6TNhMdGADvutdK4DJBC2s6DzKLvy72EisCtkCZz","109336118"
"moeVBTrDJAjFaaNxzB7BeNPoaxHrhUefYF29mZwjWLw","109336118"
"Dg8pX18npERLx2ZdGPQN23cZeBXmShhLqoo6WYxpXVFs","109336118"
"6ZjaD5ffGrZyfqhDsBf1cwSZGfDcPwJ7eYikZD2CzCak","109336118"
"H5bAwBbdgFFusutudZwCHz1JjpEPSAkpieqxjcqESfaD","109336118"
"42k4jf4i4k1bnThyxjxfAfNqy7k79Zn8aHJqXAFjdUHi","109336118"
"5fLm3hWzCg43sefjzFMePUceHW8626hTPPPJxPZZok6s","109336118"
"2ywkvNtBBtSzh9Yf2SQ8CEXmxfKXj5k61NB7TBjwquMg","109336118"
"E1ickiA69ac88NerTNSEhqBKpKfQrPeWeZf2SWvMUiC2","109336118"
"AiJpB121qHY9yBeC2bLHNqKNsURDdFSvMieHsjyhwKct","109336118"
"CEVh3DwL7vn7GppdqWrn8YXbg9ruSw3GEbXGGy8xm4uh","109336118"
"BnLKiwdeWwbU5hvufZ46DMsbeByzofW96HNaG8MnAsmx","109336118"
"3gm8BhcvpKmBTQBrMy4rBZAUmypnJM5mNukVcbe3sgA2","109336118"
"7LGzvqPdC7DGRo8tAmsSq8ektj9KCoywWzFdwzys9eL","109336118"
"GwgHWDq8vhjdXWBNixaXGpvR2dQhcZVDiMGYdaMUrZSd","109336118"
"GTXDh5Ubxd47PfY5NXZMaBbhZqPRMPPrbeaaBDhSGrqX","109336118"
"4ngBE3TydF2f2PUXphQ5uEpBo6RgD1CuATMQCDFXVkX3","109336118"
"C4Cmy8cWb5XM9rMWQSZHCn5LKc1iYYN8G3MeVCFuCPKR","109336118"
"7TpvoGr5PSSs7fD4CnQ9i8rxxj5bUbG1EJPjBc2fuZso","109338248"
"7dLgfoJTbwF5yWbrtBxhYbRxqzYbdLQN5T9zMrzUoVsX","109346737"
"FE9wesvW9NUBNcxQLNVV1Yc4d4tm81HkmeyWGfm1hvny","109347960"
"HhpJg9mGAPxrTjLmttLvZBqg8U7hhJs4AYNKAmw1fh9v","109354979"
"Bmezei3NW1UC424kbQsqHX9gqbHuNFCXeZgYysGDESK3","109356865"
"9CNpZQLbZbpJ7LTjMcHxafk5uvhFhC6kwk2K3RGoGxpC","109356865"
"59wTo6UBq6nqWeC9recvRMXQehL5x85WZD2z9wXrmM1d","109356865"
"6hznLyHtaU8zfkDycmLjpF1GWFMfv1vV7Zp9vhitGYVF","109356865"
"6JkAXtjUmCqsc9tbcDjPj7NNB73gSJ9wWnNRDKGygy47","109356865"
"3fnXgtZgGVSB79iydejF15rYsyd11GrTXG2wPwzJvo6S","109356865"
"6q6hBU1uGoihaVrcqkeY5ZiPX6EsMdGGqxH3EiER1aWy","109356865"
"942wbnG4X2rjr9o4kkmb7PRAqCG1jCsFkyy8hCHBmGSg","109356865"
"Cs9KpuMrUVazjVNifWvZgSj6c8LBcwqcPA9yPWCVkKUw","109356865"
"EeQdRbcXv72cYEbc38y1fYJturXBhHecao5JfbhmRtQ6","109356865"
"3Yuc1M6bMGo1Lz4icHwXbBCMZyKLS7rfDsJJX4FjYFur","109356865"
"8myUCwYUX1SjdQ1DWL5C1gxJk6MxtST6gTR8JZcB1Bdm","109356865"
"J3VDeogigWefuvtkRQk7md6bDpZwjLjbYWVykthy67U3","109356865"
"DA8fUgynoaZe4zs9upgR3piRdRqpr3Uo3YjmztrUdQCX","109356865"
"AEgrqsNrCd5wYpGCmRZ3qEuGzcbr8nWquY8urJ8xB8Dj","109356865"
"FQjjpVqAPhz6guNTrQRsYn4QzB1fp4yNgxVZh7azsWWH","109356865"
"5Ki9qP2NKHrTuNryC4KubrLkRFfLAz6GLigeNafb82yq","109356865"
"E6w76JfRS9FtWePju3DFvS4gkjoeA9r7atyRybqo8K3m","109356865"
"J8Y6SrizG6zeK9n3qMMBB9xgvixLPZWDTGDiy7dLGkVr","109356865"
"HskYFzywi9Hx2giqTupc6MWMeEuRuuskcPTZPRjuD82C","109356865"
"7qk5xsgrGhh6NVEbGaXaBjzgWwmQnnE6QBP3eZdaKLYR","109356865"
"9An3fxSRjEZobaHYdqUB89ZJD2ajJzEWKVWStBaQsmXg","109356865"
"EvfZMoPP9M73LFwCkav6xanUErimbVPFrwvXVziMQKvo","109356865"
"6YPnmPzKTmRbhMFR237jwArxJaJbHJzoy2Fj51vnzTRN","109356865"
"3PfPzopiootMr3Ap5aqw7xnC8MC4kdFUhRcVo34iCB5D","109356865"
"3Fd8RtoVBty6trkgYNPHDJVsaWbq2HzE2nmzRNEn86ZH","109356865"
"6g2XN7HVmXQ3J8B6WdQhzQn2PszpZF7cP81LQLq5p2oD","109356865"
"HgDa1jqPYisu4h2Wdo1cLrNFds5F5MPPBPi3DZmRMQPk","109356865"
"Ei45JKtsAY7SN8PCuFMoD5Q6YX3NehHJ5VeA1w2dg8y3","109356865"
"DJ448Z7MapbG2v5vmVVFR8iLqvK5zZZrTAzmb8muYcJ1","109356865"
"HuHBiw3phFu3z1ZsEJttevnG4etnxbajddzNRywf618h","109371591"
"DaeUM1eQb3JXQuCh1TSdbiHeKEAVpvUnjhTz2nsyu3uY","109371720"
"5uMGFR211UxWdVnqfzUXSipfBwqWPb6kTT9Vs4CmtdVs","109371752"
"65yKC39sjtQa9iyouXskzqxEiPUjZLXFTN6oX64CJLAJ","109373063"
"6MVySX8zNhzUyz8Jyo6TGpGEiVBp6oHG3rb32cPVbxy9","109373064"
"JDNNzPs3VDPCwKFjZsiq15r7nP13sUutkRyjTUTxkXEL","109373064"
"FFKWTYmdBu3dxALbRNHhhWqSHzrMHBXbbnzi21ZdU8nL","109373064"
"GLgqVFVLZpVgtoFyKkEoqVievDeugt4BHU1vVaax9QRn","109373064"
"APnZ44QAuJ1CtmC37Va7oC5ME29T8j68KGhTiGP1ds6D","109373064"
"CEP6YASJR8Q9qcYcj7cwZqkpqFXVYVZfBwScg7kMcAfQ","109373064"
"4fDprUTZKH89vwgemM4C49XShHbv2CCx22GrdjJsguCJ","109373064"
"zeF6n4oJKU6EXu9fZbW5oAGvYNFGL5zsanADLQnFe4J","109373064"
"AZMjKwAzcCiyMrwGKc64BHqz6VdAXqDzEVVRhbchURQg","109373064"
"8LRPnz65ipcC4McKJUxdWxLy4h7QMCCdjSxHpp71pnxB","109373064"
"AgePzrWs2QYq2jsKBKMMfHyCefQtGacVm92TUcs4kyEo","109373064"
"99UEHPKC7xWG4YaGWFKXSPCy14zhxjDfGCXSzKfSFZFa","109373064"
"9xii2qP5TZYewmSeNjwa2ZHYsodPLegop7ixbS6AfStX","109373064"
"4eSDWBFM8zxNe8RE2rkzT95yPzprEor6KeinE84hJSJP","109373064"
"7AzYnGedco8MEtc58AxSsfoNFsbpoTVXD6TAeJoobmqZ","109373064"
"8hfciV9Rm2pupbSqtE9VpRFSPwboXZizK3ke99k6RUH","109373064"
"CCoSKkgPWC1CSBki4LM9cCp9hM9zURQyfgY6h3UtNitR","109373064"
"72YN2aQgtE3RPuv3Z26wMDQZukYuzysPnqVjnhe5Aqzf","109373064"
"BLjWRUzedaCtgE5ABuw9NwXs2hkYEMGGAnSreoQnNMEX","109373064"
"1WzYezvo2stiGomkVBhbUzk2uKcxvR5vRUnnLdMXXoK","109373064"
"6NnfRpvrV9hwbWEr8VgaGskgATWvRnFVCSdjSfdwmhQg","109374103"
"5ceU6o468VkM1k4JrQbJhGbux9KL6iMMpVKr6b69tRnK","109375127"
"9yFRsM3ZHk7obMrCVZhnvUxfzuaQEUywg912xrpYDd3q","109393700"
"CQ73XyCjc23f99WaESrR2xua1C9SvdKhcEDdwEsvpRgq","109406873"
"Awn2xH1r5RvuAjMv7XqfG3EdetM1ccagHM7p6jUaZ4Rg","109622977"
"9qiZUHjk2cKyLRQhvkjgDvQCfcr4zbDNxkhZwCMUrt5G","109700419"
"4fVNg4v2WvJsrV2byUT124dg6KByysypocxm3X3xCqXZ","109784342"
"Bm2iukWMEo9FvzZMBXJRW65kMmspYMcNKGCF1s9jJvoF","109831873"
"EKbvPdWPKMqkMDLwYMeJk4QpzfzRpQtLPWtmowPGhC4B","109846043"
"BDmRiNMnoQm538jHWYUXspwKGMdmyNneJpc9Dusmdfxn","109846043"
"5E36uwt5p9x3syEPNNWWuDpbAQ4XSc92NYMeH4oqhkDu","109908601"
"H3zPztVTFVYMxvQm9SQhkVZAWu78PbFCiu5q1fYtDqeo","110000000"
"BrzH9CxQsocnu9UZoMz6YghWkXHyS8ZZSqSHF3chDiD5","110000000"
"7L79kSrDhiLwHMFPRqtsZ4PnPs4rYouVrmuf9B2uavbr","110000000"
"DXwCpCmnL5VuFRiyxTtnaV7kf1xyRE8WUmUoumcHLVan","110024597"
"AjiwAjT9LE7CEa4AQrCT5DE2hz8uFZC41rJ6ECedAKMN","110028641"
"DC5cxotZaJYfGCgnYr8pbB7Sk3YMrkMNSfrGJtJav6vp","110270113"
"CgQ1mDLNUC78Gv7hf6Uy4hnMdfWZ2VPnVY6JtLHqK8Ts","110272585"
"BFvGEowna9EDjD9qzjqHHvYpEpzhvygH4A47gu6akJxk","110301886"
"CUCfRJZQWwUtryfNmwn54E3SqV3Wa9MkSo77sf2aM7pY","110301886"
"89veBqj6LFAZX79xA4TDohSSF9W8RFBppwemWTaGRoWr","110301886"
"AQk9wcdF2gWBN8cxc56yED8LALGoskp4ijTXRKCShdUy","110301886"
"D2isBaJKF6JL2VmmViJeVqw9p6pofsPm67KbfvS69u8p","110330082"
"Hhtc4hWgeZ4jKmqPF2dUTAZ8GrFnmxpArww89fze3tKP","110330083"
"5H9GWz9x5Pa7nGvqNUf1aQo1swZT8AANyKjutDb3u2Kd","110367365"
"GAUpJHEy4Rtyv9TM5eyjpjsuDpa1YpDSS5P8JKnfNpEN","110476923"
"2yFTbsFXcuCgLSqGnbFoaLaEpAd7TbmGeHQ8ieZY8Yxz","110683325"
"DZcVL1dPiEcWuEWCCyDDLc3xn5SJd9fpc58XXwGzsNed","110715028"
"HDLetHXqRQ51MjYbjqy5nimAyR24Gd21u7wM31aMXV8w","110948480"
"678kT1AGEHVTrtzsSFCQfZigzFxM25eXDd75BMr3JFxP","110961830"
"8Do9mFo2mf8JCwKB735GnFTPprNdFyGF4pRPT1XkspKh","277848716285"
"CdezGmzKKc1hDNF4DxAh3S8h7gHtC2rt4zEfiJMEnN3h","111230125"
"87EMrbvnskMbkpLK3XmXHTxefsV2ScDMNVm4KTHi7j9","111291088"
"A7YCowN3jmBU9e3XMvtaVV4TT8mS3tFmjt7hoC5Lfr6y","111295597"
"AipiRPsJG2DH43kJmtkK1PtsPMa6kKX3FchhZDsKWG86","111295597"
"HmUY8yttXRJNtxipYoquavqvaq5Hs8X2uCoW2HLTCNwT","111295597"
"881CoF5NtYoKvEPfJvZJ2TtwooosygqdHeJhP69yjaaT","111295597"
"5gXSvjszw4s1tYgzUumRzRUAKgesZr3jud2hGJ3jhidx","111295597"
"6UdtVs9DNFezrvee19YzyA2WE8Lc8m89c26RCw8h76YA","111295597"
"8kDaU5PKN1xN5s1Nsj8nksyC36w7FTwgRLX3mBxsG8um","111301493"
"9HLnkZ9xQP6htDLQPHvCHabAUWEyUpDRes9aRsWtoSRe","111306229"
"AqqQtazPHJ25rUwoV25a5xFP4TRu6rg7CWKuCZkYv9g7","111309891"
"AyrdjsdF2H2AN6Nw2XvMheLNhxWf45YvDsuqjuL9bfPn","111310966"
"2JEpDSkUgF68NAu4qztBfiipaaEWAuUT9C2n9Ciwpc6C","111611947"
"Brkf7yJaKqjMNh2XgWbwTCnJtmjmmwacYadSZ6GCXtam","111634667"
"7yyGi4Sbo1Ao4tfjai4jH4oAw7JZU5rAVegTHSW2W8w8","111824459"
"2cR9RDCwHjo5Ytedt9LHLWLFcFDBiv3JKMmGKqMuv9QP","111910619"
"J1GLcgdcs1NEhucCujCWJY7Vi8uuRLrUWkLiytUJWZMC","111961333"
"E1M8Ywy2kA13ssJDWPuJmsc6RiNaQa7cZgzHw5VwvDWa","111968792"
"4wfmhZwAaxsYBSc3YtYyJhygZpd1o2YGkdYKihQ2sBB","112117862"
"Eu8oXLDNCWw45FQryTGN6XFueQ42nqP3jViC6tYuY9Bq","172293663"
"6zQtYHV7t1FHj84EVB4KuDYvZkHFZMmidGTQSVKsednr","112465563"
"Ej2yVjf77ZZNvkyNWR1cePbtabBiVuk6nLVm3CtKAT3h","112803823"
"E9qZL6e25Nx7Fne8reJiGNEnohScvB6rGLWEHYiVFmVL","554452916720"
"4LfmQ4sdTFWD8hgRfc56zoKiAAwEEHJqSyA8C9LujLEF","113153425"
"2v7mvJEaqzrpfb4Mc4o9mok98n2xQ9ksVQwcyGAsXRdp","113333478"
"DXkmkmC7m6zA6QtdX4pdQS2SyUhkxSTLjKJpXCg5MzW7","113511097"
"AmoVDcXSizVrEiFgfrqMbUajnPUreT53vU7TSHrbHZsp","114019444"
"3bYuKrCewvomfwEUD48tXXWXZ3q4Z4RRqB2kRNF6DtDQ","114233529"
"GXaNG8PbYVyVWts9Ws291Mj1oX7912xeAmZc5gwQfREb","114276729"
"Cxepy3iv42CkpKFfJJGvbe298CS7hvb8BbmBoGeRjZ22","114951748"
"5k7mGJURtTGejyXTme835a6Ma7nu78T4fmzTMYjrqjCJ","115152667"
"LeM3LvHpD8TU9cJXhCzwr5C5FDHoSs5oEZ54MXz6DrR","115158364"
"7bihwPdXra6nHfswAPbB3MrztY1n6o7QZ37jagnHF8tb","115226864"
"EvVEEudzbkhmNVd7ZpicZ2VLvhjXEXHuH7kEa4Qcqjhv","115325703"
"BoDnzB6VVZKq2dq73yxCYZfk5CRKetNTzSHThamUXpnt","115831915"
"BSQUu5c2RhyJVrTwZgC14jXp1J1epxsYgUK9R7WKLGku","116026486"
"B23UX1ctsFM96wKupDi6WZiM16WfvSSt3tDmhUhWxYuu","116264150"
"CTH94v5hYdtvhCFjkwhxkxEKaXSA4LjgLBB3xBSg1oVY","116404512"
"78dZ7nauznE5ANGasLvon1tJo6x7MkHjymTw49vX7xdJ","116509232"
"9a28pvRSi1wbDBnfcj5THoA847o1KD4mg3iMq3QfxHGE","116604869"
"7XesSYi8feLDU9VWfqsSH1tmhWqUXxQZxbi7mNgzXNVU","116716037"
"Erq5nwNUHAyfY2CUBuFg7W5T5foPhQMxZLQHCz1pAEgr","116791884"
"GZNHWwUTqJYePUAYZbbBr4ttYb4LHFZkzEdwAn1eovbZ","116988563"
"2iUf59Pouq9sQ4abJjJtUonpkC5t85xnvrfwfXYZdTUV","117095864"
"6fmmgpPwostDD4PWu8jiiGT6iBqun287AuJEjSzpsmyY","117257861"
"9Lz5iTCAvmXTzc3PPwdemHVTbdjBJ6ZR7xiVcsSuj7iD","117449475"
"46gQZwJDXNsXmfrjYLqa9HTEeSHnU7Se6WT9WMzNBmUi","117815579"
"Ba8JmvfdAaC2bXScdqswft4AukS5dahviA52r1AA8d3y","117822216"
"G8svHrKkVuhvMs5LEF3KLkDUvLfdvvqc6fnf317deZzX","118151820"
"A8ZYfci4jUhtz5apbaowzhAcgdPwteHUdCAyDhEUf8Ra","118169197"
"3fMNABuygNuAJjKznM8sGtZ4KQmJVfiLAHGPPLBPyPYw","118273769"
"FtudrnK5t4yUHP5itypppPZ8hCRH5qznXDYosqwG8o26","118279417"
"b8uX1n5aA7T16hkjNdPBC9ZwyZHBgZbgKA6aFWUsggm","118279417"
"Bp5JqusNyhkb3HGfvcBAcHSqSV3mJQuEhcBt1LYn72bF","118279417"
"8URCGrhUPXbnNMwFdqM3g6JXZBf9YvRFaXkxAKxtsnvR","118279417"
"BwFDYMQ1m2h9CoVo5xb2PkLwWZqukCGncm6zDvKxjuFB","118279417"
"BPQRHdbjtpfiP4Sa6sjHZ8RhTPoauz5o9yA8nFWCQoXi","118279417"
"6Vrq1PQWnmAitQ2YPK8ZomG2EURejKSUP7ioGtaCC12d","118382166"
"9mcYNMn5423MZMaqwvtQm3nbCMr5hnpbmhxvhc8GSHrc","118491092"
"7Gi6Eh2ht56iSfXrXtYhH2X8mcrcKHQCwWVEPa46z7dz","118547462"
"G1g6GicVyWsneXS2nyCaQBPjSSp1FB7gnJ7x7wcsrb2G","118647236"
"5R8C54FNbTjkXrcrtLHMuaQTQFdTQnejpk4v3vXbXrsN","118740705"
"8pjF6SwGvt5Q2Uo8NEB28tduXT8dAtfw7sN1kyVKnY2V","118760847"
"75Xnpx1Bj85VHdfQxmhVzuBFFnWWSCvb5JPB9xs8AJ7i","118768780"
"5c7nM3H8ZTfKcC8y4hJpcZ4u813AxtzSw38mwKGGE1bg","118805067"
"iuXKZFFLdJ8xKRrQ4SCTfPg7wygX9A1ra137bMTmDBP","118814175"
"DSfXGV1RFH7sqUHP2wD53aWx6ndKSY8JQMLJCQTBff8x","118825424"
"6YCCxmDMKwcuyXzCNyLCsLRjqx21wWXkJtP2B1eFtWvN","118902881"
"8hB5QoDJGfDyzEdVEvjT6yGozJnm1B69fU3AyHDVtWUg","118966282"
"GEQWikmsD3JdMQwukPrSLzWG5PtQ4jhbrmsTH14A8o9u","118981458"
"GZ2dSJGnmKpkX27t2ekK4XsLXB2sYwe3mptpAEEn2Dmv","118989214"
"E82bsdf2j7h2m3qAYsJ28ECvCkcEFsjscEeH6ZmsgYMC","119009427"
"Bbb6ScVaC2w6LdkRnCkiGcmZPJJ5HRmDUi3aEdYMmCa6","119030882"
"GtFJKE1S6sQGwNniKBqbb6zGcJkVhuKp2S3vxPHpVmEw","119030882"
"H6jgrqqgWscUzaVVyzegrj56RVfN3WnZHqDvze4eVKom","119030882"
"4zypbFwnnCJhuzvtzjSGCH7C4hNfWvXbPpVRsUrUhJem","119054825"
"J73krvUrmX4T3zDRYwaJctmuf4ohkagrzLZz73HLRMUb","119063216"
"yfGHjv493zUWSX1D2tqwJziVNkGH584L8EwDd4NsibZ","119063216"
"6dCfRgfPyfW8i64JKqCY6e8TAKwHqbhZw3iRXFpmTKK3","119063216"
"6xStnQz32gUws64sw8CkcFLb7xzfjJf1eEMQwG4agtME","119063216"
"A2b4NzjFbsoFwAwzQnvY1UkfgqyGXtdeExVffBfaGxy3","119063216"
"7wc4bd46cyHGpcxEvNhfpvqUc4GpxRcigu7q2yAM3aLk","119063247"
"GdhBmTAJSLoPbeaNALfQdDUN6Vkg4ek6XERrZspBVrYg","119068541"
"7qxyg5mNUDjcQNrQ9KTXRqJ4h4iZd6gvK9rWRtGNNxHx","119072430"
"DNhk3X2cbr7na2Ct7H8gPFPgWU8BTk9fhMNnQMoiqLDs","119074199"
"BRe17KkEAKMMCcm7a4fDkffPxWxeZ2Tr6H9fi6nEihJ7","119075050"
"ERwPgk89KXaGupcczqcotVwYdwSWJcMSasp2SjVC2o82","119086716"
"7iJeTUFj5BpT1uyFG2nYdBcqbiHQPjuHseEAnDDP5seQ","119087440"
"A4a7fGyQub6xDEQDBmTRCdRPenzm3JEqpJQcKhYpBCaK","119099228"
"3QXF9ggPQbmKtocrrT243jCNUMEvGuDzRWr6KbWW1tEs","119104103"
"RPq7mLCr2hMwWtgY7yNgKUeWng28tDkbRV7QQwjoBZz","119104119"
"AhVqW7FSuADcVafchLLxkwLEt9XdM8GvzGTPDyE6njrb","119104121"
"ANCfYc4UMPKZ5uUXsXuc78L27KVFx11R68LXkgNJRzqz","119104130"
"7RoXSDk3MhtxgJYNLUi18nLabFrCweMPPgjcZejnDvrw","119105231"
"8SaUKWHrzqgLxPdaoHfNJvmjjUqavwhP8ehPoW3Y9uM5","119111201"
"FsWgRniHARgULf89oTBSm3G5hz2qJT2E4bRC2tx7xbrQ","119111829"
"3iQSAkjkhd489uV8zyHW7PD5YKysjvoGRdDdhV2wsPiD","119117533"
"EcKA4BJMEoctenYjU3Ziv7wf662tN3qQmbYru29x6qgh","119117550"
"8HeceaKZ33u37oBJtWmZNH6fiNwZthGf9fo1KGmoHZzS","119121558"
"GhaHyUGcdFdTQXmsUL5aD927pwmKoRst38rEdYEBJKG9","119121563"
"F3vC9KLxHuiRbd9K9Wu74gbLeh3zYnpJEtThEVWgqyjs","119122945"
"3bMLovDqJUVZjyAe9HHeKejjjFNygKgBavp3WAp6tS9Q","119124560"
"AF85YYZDU81nVw1GiWFpeQc9W4NGh4bqyy6hpQSd8qsF","119135457"
"8gCHaT46aT88u1xoatcfCNEckLMNApPfsWcYjQd1vwi5","119137146"
"Aus5ajwcWDeeEef7Fvmwtsy4LxS4ZkJZE7Vp971MJquw","119147920"
"vBvd9p7TD6XvSYqgJSpnCjgg8qxhranDtMfccpVgAi8","119160531"
"CXgLhjbri75quMFXAYcEqGVbxTTQi3et4jPW8ga4Cdon","119162215"
"FNZ3GeU1PWYmAGZA7BM7i5VSidDQToATWWT6hKuqzqQA","119162215"
"7jNQLNRQNDhu1JXU97nPj3mWcyVn4PPafNhDN66BEP3j","119162971"
"Cc2LnoH1ngjThey5ozBZouoAbH6WLCNPfHRsNkkcYcWG","119172562"
"XfPdFrLZA9B3DMG12fxPSAsAsR9BRsX764axxY1Q3bj","119193687"
"HERczFjVXJa4pCz8ddpwBCTvZYDSDHgwrzwT8bfsRWJH","119200204"
"YuoQcjn96z7unoDrsAMonbxbmvipEtLAEW6UNeDpyD8","119200204"
"8Y9UjFYorfVFkqwqp6LWNn4yuMoUe2LMZVrFPswunf5q","119200204"
"DvQLNjuLsK8xLW4uqq1R4gGTj26wfBisi2XB9zTo1WsA","119200204"
"8167cgdxBheB71j5viMd8SDrFfjXn9e6xSWWPRzrwjvX","119200204"
"Cw1sCMN6SpJHv1cmRWgfnw7C2HPx6NxNdax5nfEZ8Nfv","119200204"
"6cMgQCDRpyqkx2v8fUDVwtCJHR82nZCJ8MYMf6ozK61o","119200204"
"CEdC1oMTYkUUaPYprVKYnj9kYagzjZCLe1vy2exiCLK3","119216709"
"6oLyqQ7CcNfiyZitPfveURV19r2wXGmyfsByGuXhzDTj","119245281"
"FxDDwHEhASATy78oGVYW9ZAAvr5xPzMwB6fn9jQcZVUU","119245282"
"8HHywj4wsBeyCJefBq4m8ogVf5uAPGW99UjEHW7utWaj","119245282"
"FBVLiwaEBN4yuWCVE8MxdmKSbi3oenTqS8JcF5hJND2g","119245282"
"74rXQB8oi8XH1BReJnoYAP3N7MmWib7VqkC5jz1gv8ws","119245282"
"AMtMhrcpFdBCbyXBpTS59fKqyoJv1LoQXXH4a56R375x","119245282"
"Bs2ZAQdWF7mVkKc2F5EtwbajZSkiSXxpVcFwByPuFYV5","119245282"
"9epZ2vNEdDpGeNEXVrdxKUdomp6sotZQQeXoCw17Mab3","119245282"
"6KTEHuwFLxiYvBWNfZ4j9CLSRC4F92GVQBCr8eYLwNxr","119259203"
"4WsfmoWNyWByB35nSrEepfMq4VxALicHUAPVJX4kGXb3","119275765"
"E3eKSe9Cd2uKLzm6hpPo1sZe3rjnLNTEsf35eMsJsfee","119275765"
"99o86ocK3UM4gr51HBuPsfrm7oeS5BVa7jGydvLpyVKk","119275765"
"6aAB5b64cDU4STL6n4SiE2MiSwRhEUoCA7HPCG1g6ZQm","119275765"
"FHfA1k94HHecQj4JoAyCP9t2Eff34zqh95qwyYvbhjHk","119275765"
"6bd1fxibByv22z58F7CW5xLEUcguYRBkET3sRNQfo4e9","119275765"
"EzfgGQ12cezXiHvQx9qyBDGo5dJbqWXzPW5tNM2zMXs","119275765"
"E9J8uTPsojwCCdciBoPpSR3NuHEJ8AF4fadDKVMxNiyc","119281914"
"HNioHw8Emhg3d9RnnwByMmaF7U6fbkrjPrkGQMkqiCaL","119283257"
"2TM6TzsP4vtR4PRCZ1EtYkM8btFGi7NKfenPcfKHX5tW","119289618"
"41HHNrNf29hvrCUEPxtH6ArU4U55NXTSsosxi7XXpq8L","119294626"
"HeDRHCH4U5UwGNh1TydqL5kn8VKs6nrPGdwAxB3r3NKm","119296862"
"4qR8VX7S1iY2ehDfncCKBGSCPdmoDa78hTjqZxwitXdc","119298398"
"DyydZjVb1gkUU6S6wQVmGhVFQwJFbCD7gnbLe2a9vTYV","119298398"
"FGSiLgQqzSPF5JjaBy6x6yHpJjVfxzHvLjDdPxvbNuLg","119298398"
"3drAJCzfgaR1HXwDAz2TyirJQuPXX27pkDFGkNEahJPn","119298398"
"6ipjHGhsAEqD5Cj7N3hJLPQsmt2FwBEf4NdivqVsKo5y","119298398"
"9ph6UMWV6iqmdXbRg8sh2ettJzih95i1EgLm5UAe8S6Y","119298398"
"3icwXSEuaWgMM4xtuXFGY3UdvSaT8ohKJKcgR7eGH5YP","119298398"
"9H8PxbDW6mpFP8bdAZrEaXryapuEiSHFXQ1F7MjbYZQi","119298398"
"HWWq5ncWDJSxG35geQJcCvdDbuqLbMy9suyKHDYvNUEC","119298398"
"2KEXiDZbNmuQ7Qb2zT7U3eE8XHE9i4sDjaEMw3vt2Tbu","119298398"
"GstgJGrzTroaoTfnSAmYmKGMcXXZqiMsM3bLSPvjVYKN","119298398"
"6ra8DwJPXWhsnQHMse4EDgHv1qu8CihbHNrKc7XdEbSs","119298398"
"9LWUoGxALWxqPjkvzTKZmXg9NU9eQzDi5wyxENtcMrq7","119298398"
"6RPqcxkJ2rH61jh48bXFVWP5gRbatEfvrbjHE8x5nV6g","119298398"
"6zwebEKZkvF295aFfSr3wMw9CmAK5XZPyjnvs9VzwXpD","119299053"
"3yRGgSswMufceV5XdFgqSbmMQ64VYo6ev7MttRTQjosZ","119316070"
"6UFgDek6rC8KKzLM1xVXYdxDtZZ9c2LYUPnoqeaXaPja","119316070"
"CWHGzViBHjuFMbbUrZpSRgeZn6kxK2e8TrKfr7MZ3VVK","119316070"
"GRLPvpWGxcBwpXXSvc3QGtLo7T3UmA9oitxNc7GcSoE1","119316070"
"ETqbSSDqgX2Hro3TCU7sacpdw9n2BCSoircqFEh2EXoG","119316070"
"Du7tB84yX6tvqNfbYRbfvQJrS6gy7rU8RdvCV3tzwpUj","119320376"
"7KqGNDND7mUy8UwDcncFRR9KPa8CWawGRkoK4qpkxGjD","119341682"
"Au64DbxXRRjwB4rFmbU2FWpEmmV9V6DG5PwiuKV2Sqit","119399789"
"HRSRgfk9oUEuKRVFvk5RxEbbSxPd6a6EheQXqnn2656v","119445630"
"GCC5HAinidWzhuKuTaakCqjZUxb29SHT1VWTjdva11cF","119486863"
"79nBgvQX8EdGxJbWmnVArrihTCZwSdsqLoyUzUHRJxuw","119836422"
"C4mN6Cdnhn7cDEuX1tmMazLFrzZvuFyKGbhg1LjbzEiA","119877062"
"C93SxnUwRmgGjMHFVpahjq1FARX1456F3HR8hW8roByR","119880027"
"9TVv83HayWNLfC7grHtWixSuY8ke5eXssM7D5Xpzb8AV","119978554"
"2gaCFRJMqq8ZSvkArknNLeTeoif2xLmcKt9BcLjTXh6B","119985468"
"8wK7Ztjd2W69L7SvWacHv69wapSciL5ne7F1H8AnFbFn","120000000"
"69viFPLCqX5iMCiYdMCUT1chC8rd3vzHNXHBWuSkCkc5","130211429"
"9PKxx9781ZZJCBPDLcsdrX896iBv93xwnwbZ9B6kQKdH","120000000"
"5MBWGHyeNyzjjaKVHFRLAGErZAeKb4cwoy1wzP39ixQU","120000000"
"Aw2zdH4QpM53AtZCUccreCs9nD31Fts9UcBsazRXx6Go","120099208"
"2LZinEBzvPhvkcSEE1yH68UQW5RREtzvWoqBQ1SsocWW","172881493"
"6LbrRH13H5KMpPKExPuusNjCVgdQe66tMiNPQMhjHNNc","120399620"
"BcwNwmoAxoXR96GaTd33WK3LzdsYPQ7toht1gJ7dYgdC","120879028"
"5AKidGjsk6sTdTs6Y4YX6zMV94pwSbdFgZDba1hegGC7","121043235"
"z2XHHMHWiAy2rKD2PxqNGKzqFdTuL3XTfwkrAdZLKcu","121453869"
"DVXFMSYMBqckwDhKcT9HmQcDdT8WrL7Lo945Ltg319WA","121752553"
"56EU7k4GyCuGzqSkqz2H2wkmTe9W9feURNjKy4wLWbM7","121912773"
"AWH15zXWQSY8nUTfVbJSKkV26kt5GTyf8diFCPn8rrJ8","121959277"
"DTM9XZ5y7ExWs4T3Loaxg4SK26r5yvFfqwmAchQBomxW","122039796"
"2gMk1MJ866Bpjr2hq9BT5d9AWvGXi3r3EftLZTP5csuu","306327307922"
"CaRVMAahWoDKjo2t2wm3o4eQ7r4Pf4kHkQy7Ne2xktbj","122802675"
"4CbZSCDFWT3Tuwrwy1HYMGmmdH4ENyHHYW9pUfpNqd8E","122969503"
"GaD42W61brsmYLqWXAonqn3y778LdQUwrvuAGzKM1vjj","123060696"
"GLakQnAPxYTkmqJw9cDKUwwG4J9A87RC11btbjp9j1Cr","123106981"
"BsS2BWy1qeFLFsbahdzH3A5Sfo7DmMQqiYMbYdi4s5yt","123118999"
"6RP72S7EGLFMm5pwdDMR7pJgyxnuasndk3FpS5jcNeEH","123205528"
"CapuXNQoDviLvU1PxFiizLgPNQCxrsag1uMeyk6zLVps","124120045"
"3iPUYNh7d5scdPxZC7J7mVxKLZRdMKrFMkEYmRzfDUjT","124163883"
"D51mPDz5T6S4pdjRYqreB9TQ3hbbSgVu9A95kHJHhect","124286222"
"9Zpn79rCWA7281uwcDemtrAYXe7Qf7YfbZhAc482wEfw","124287573"
"3C5JY36LRRv3WXQeGDfBLnXBmC9PoP2YbNpocoqc2zsm","124379471"
"4BznzAgF78HPARkWpACMoZLatw5DQRLnJgYdpd16rzPR","124415332"
"2MXwv2jgMV9fUJFax5J1w8q341qKEPt4qCcqEdQ6FpmL","124615118"
"5TDNrdbQitLdB9b4pTFBQdA1uwoyN9Coayvbaxhvg1SY","124714188"
"NA9NSAphQuxPWwUiZhKUbe1Liu72s64BTvBxtsJLzHj","124873797"
"5fTUCDaKNQLsn2vMC5ecSD2ysm59JLxkL6SwivsoKbTF","126234540"
"eLifhnKA7E2C4UEHTDjYheyBZaxANKhUUTaigKpxsNm","127022300"
"CHjQC1GfH6RgL5ESCu1ZGF2toAGtTcd9B18jYpDyJFsK","127534361"
"2fJnvqRMNT946Mdt3zuMunMLeXYTjyvDE9pjZuEYaSL7","128000000"
"HguVcgu53EqtetodqTPMUKASLqnnP3VFm2h9tQM9Smye","128222044"
"FqwzyJ6LiCQQcB2Wii2tNP8fdY7zMo8QAwbHYPg2a7r1","128247957"
"2vreBUbfgFwj8UhibqzkLYZq7cQ5ufRdxaeY6vcQDSfH","128730808"
"J8KAQLMPiHKMtvczzdupPuN1pCwP671R8AdkUcpxDehr","128780567"
"22mwV4xYFBdSh5H1WHgevvdeTV6owzpcCKZeuAML7176","128854992"
"5fuauXKq4Y55WLenn7A5MzLFbyvrujJvXULRoQvtgZUv","128865367"
"8mLs6dcZxEPL5KE1iVNCocukDtfCRwTuxHRouKhx6okg","128909378"
"BywpY9qqEC95DxR3584ekyQc2xfZTSZvV6ySNwW4zmvz","128915470"
"41ggCV1fr1o5jCvGFzNV8QV4ewywHWJNKAK1c87TNQuM","128950595"
"A8HQ5CYYaLbH54N9b9qdEFUB4As7CHtFPcQs7Sg3Duau","128991887"
"Eoyp8CuWL1Tuw5C9M2fHXjswo7U1DLb3C5HxmXmFUuxy","129092400"
"8B1QjGzn4XHa5bdJRPYk9bX6rTkRDgoXJDz9eTf5Yed1","129133554"
"JCx83DfmfuYbH9Zec4rwPdHLuv2NxRX3ahJgLvsvUaep","129153301"
"3fscyhMtrzBtFJNTpSgFFLEeJFXQ7gRCw71Gn4ozdM6t","129182389"
"82BTAmdp7RAFZxYYtAyXkPykxJd6nuhLe2awF1e9z5fP","129215412"
"5tx8mJNiz59yKUbRKY7GubrmoVxKcKVVUQCd7aHkbTnC","129239931"
"7ikSHgyUvLY1BR9bBJ2YmdmLbXnxbq6wo7rsAQXGdmWQ","129254657"
"62Xj8i6u3vuX7Lgtv4G7b6AwPuh6wfWkcdTa7ZYeeqYh","129273680"
"3NNXB9x4noYwhw3cpeYaEFaTPBmCQ8ZbkQx8vpeRiJwU","240410246216"
"HMWgWwxxHpi5hXVjtTkXiWfPCxx5BCYGo9hKXcvu379h","130000000"
"Ej4jPjm3vRZX3RXUxgsBUEtnBSopBnkKQBhcR6ZQvkfk","130059951"
"Aqrkz3nMxHVb63KpYNhRPr9A4SmARWYX3CDkXYYkWekF","130072409"
"EDvQNtVLGjYnW9qF9uc3GVjcyLMBPWBb6JiwmYLzTckj","130450860"
"BE6dxAYqtDJ5K5NJhddYCTDphMqvcLnyhnE73RwnsYUT","130903226"
"9xeG9NASmk4S5tnbiHyupQyX1wYrewb6Qy6cfxKbTcZD","131165238"
"6JaffrgS6SCWpEZow2aDKqXRVWeCY5ycQDfxg2d93ZMk","511327217"
"B4HDTaCuRuiVMqc6mZF7P5wViCPwXBUtPxmndNqjF5rV","258725234434"
"GQTFpWNe4TTQ8iDmFBfgGA74d7bsn5fCyW5hMaYVZ34q","132138087"
"BqCWTU5xCvk2nA9u8RHVinHjz6sxWxoKn7XWqpDzDXTW","132313604"
"72mg5ETLec9q3Wjk9K1H53S8DDdxDmqxf7sEryiharKF","134068034"
"ApWneNSWv7xGBJjxsvYxKk4o9SEpoMVQhN3SHj16Hhru","134100230"
"6tbBRMY9RmjWnRNiQhy4rXEKqiMVq49ZKWLx5ozSox81","134556694"
"DzahPPKMHYsR44qE7ANNY9nQSBhJk5gzz2qDhBqRTxie","134828347"
"3uN86FJ7dzKEG613SCrpiouEHphKfPDoHDbLv7UmqKRf","135509859"
"AddLGAY4QjkbQUWv9KQ8by4eSK1LmVXEQM8KmRdRpogY","135743965"
"DfD7xypRxKv2ZRXCxY9UcWpySbGJVA4izo3MXcr3aBq8","136433545"
"9iCa25LXJt3u1LEsQV4issuYqvZZWxkuas2Zycb7yA6o","136604314"
"7YPuDPGFSeYigT9Z5C99dsGcEaCyqozNsfLFCrVaHMCR","137213481"
"dmjKeznLMCc8oN72gNJVghtvCDD9H7Mxe6WY1xhrCam","137772271"
"AKnLmsMoknFoP58RuaXumJ4mF7GzvvAWepbMx2YNUpeP","138112527"
"CfWPW3Lt5YoJBkEf4PwfToFqtpoaJi6jtbQuhq1KAcJt","138174976"
"8dYsWaV3eWCsvMKJ1TAX4Skq616shtz1QHPbNnQjXWfy","138559959"
"Cbks4wztAyhDmoUqn5ziyjS8DhZL85Co6ieYCWFCNygE","138778118"
"EtKKe7YpRUu44kguNiuQ3Awzwxvua3aN5D7n28WBsrb1","139000000"
"8pNEL7quLXnKcPVbMyqkMNcgkg1ZHzNBxTjcuKdV6fk6","139066905"
"B8mnopK1GauNvrCNE6yHBTkMDMKarSj4ouyo391vppDX","139090340"
"9GSi6ArP42hK77B7E59NfsqF6PzjLTPS5jzPDDaUKDWt","139818382"
"7Rpx7LBnn31cGz4DzpfpqNBXunVqyxm2z2KZm6co31As","625652508"
"CemdcjzVVEjzDUt7WQ5ChsC5hzXfhbVpiqmY3nu5aSsL","140929904"
"9bHvf4tV1TWkbfQoiF6KeL9W4FJWHx1h9L3r1R9eggTJ","141155642"
"szLF32v4NGG1Ak3HALrspyrixpkYGqckrxevhPjTyXb","141906996"
"GyaPcNjx89sB73E47LhGS83n7LC9S3gWCyf2F2L5wL4V","142004566"
"6uLEngNrwKuDx5k83jkcnz6m2xsJBcyUmvvEDNNw92BK","142831207"
"BqqyY1qz1tgjnepqMHassKMhmB4tkxNig4UYWE2zXmKD","142889468"
"Cqb6nVMU8Gshsjjfshm5C3Egt9KkpDkW4y1kXzvZX3Dp","143100061"
"DuxN34fhJvKR3eFLYMLaWT9LNfDGkVGLr1r7btYY3R4Y","143550046"
"2qDLE716A4xZrrNqHvfkMLptXeUWG5QweJWfPGPAkgGX","143673703"
"CRMZ5vSNq5Kf7SE5qdP7Diyhg7K3m5WJ9nW63fbKGWs3","144133524"
"Bn8tMNSp3ekkjKqpx3LoQCZuhyHuE7BEUrDzG7CeYkBi","144663089"
"E4uvE6Nt9LizaVwd98fvkSh3Hybh62g3feqDL9LSPyUv","145163905"
"2MFoS3MPtvyQ4Wh4M9pdfPjz6UhVoNbFbGJAskCPCj3h","145529911"
"b2STnRQzCJhCPx8ui7EUw95W78TanzPsWjoH77BpSym","3146512083"
"5cUxCvPsM6g352o5Ve4QdMmPRiPhN5b4SXybEQsyz2Km","258253428"
"4iH1vM2A7vaxj35PNrYxUy2mAzpgp66a25jfJ89U5Rri","147401796"
"7DEtJgDiCV3s9boTdubZV69X8y4NKrchMPojHbbGPoNC","147977707"
"3LBmt9Ze9wBxU2BcAVW9ukvBq7fgLpjUcGyqo6zjkgAJ","148044616"
"b4T2g9NWb9yoUXraCd1bjS7VEr511JCU4UDvZQfhwPb","148044617"
"AVrUA6PCWdS2MiQbZ6hJDKs7upmZwUUpY5EfN7frexWf","148044617"
"B6wtbwLzaa86G7A5tFpYEnwZLstQrU2yxdZtEg3e7NUM","148044617"
"EScT37gK9ijtHxhRryBjPjZhF6opVYoEjTPS1Kiz8B43","148044617"
"HbwjzaQrCxmbb5sXXxHQzPSfjFaqtT46xRqoxgPoyyjq","148044617"
"ACZquiR1YhVZovVMnYV7njQLrBJAGLcKVM2mpQYBdpJs","148044617"
"EcM3ZqvrXCUkwRbfBxocZ775QawEhiyd4harftr6qLhY","148044617"
"3tv1GruH3bbvMPiBC4oTjkquueD9VRsamEfVTPEMfC3v","148044617"
"C3f5DJpzMrkzhGEc1uovYN9FSjs9GwpZcSb7FTNQofbx","148054148"
"4D7xcrqfP6Z1iPUW7exijfMSt5eDXVzc9f1s93E7P9ng","148066058"
"Fns1GLpGgPFX8TDja8MZVQRHAKGfwvJkksDiC8y5ouuQ","148092265"
"HQLcxm964VfJRkWcSuJFHB21JdHStycmtDNJKf9uMR9o","148174593"
"B8rjv5N7sXTqhQTLjGqmdeoRtf8mtzRoaz1m4ps55MfK","148452471"
"6hGpFzgSSWkJtWgZih93UUmJbDk8s5kCXkKPjJ71LLSJ","148610188"
"Fa3TEbqVSnzWWGrDKaXoP6DAxtMhhfopMgLvt9W3ntzU","148613474"
"6WMaGdRw22LBx37R5hRxHogm6aq8dwhnjzgDSWUv1PgU","148656880"
"8ddTU9SM7Z9RbnJQYqBdz9h9ErZWS2AwJq79HsiTABQd","148720245"
"Hw8BBpTC1HsewqPfLmQWsts4uM7BoMUJXoS9LTEnFQWS","148742362"
"Ceq2c7sTvbyJTuEvN3BVg7C3JheubRSMfQUCY3VRc89x","148742362"
"5gjywWFAE71xEQokFnSU9JHJdVBUHt3F8GZuJ6Btj3Pn","148742362"
"6igP9ghBA19qMS96gj3eEMTt3DQ9L84Teoc7jGoW3NU6","148742362"
"3JNx2VRxmDXw1dtPaQJKv5P3PUsvcbqgErVHPrwMh2DG","148829020"
"B5vcHQk9XE7A3qgLoLc2cmn5kFV4aYwzqc4ssN9mRVzG","148829020"
"8KPsTKZbzjkKzhpbTmePk1reuh4ovqkUwGtxgW9H81S7","148829486"
"EQiJ8dGjoxZLnFZok55xDswYTzmeKncGmLyTR2WLpQhF","148881054"
"HH5oT2AvhS2iyd4J1jGoaWiCbC5zzbpmehCsKSXdcjnB","148889002"
"2qAToR3d7C6i4UKrcC6ES3GQJk5Q4RKFQrZPW9WvaWNd","148889439"
"7ftofBwdRUEFVB1eCUhAHeLWmfJPA8FHcVu4SjjK3uza","148952769"
"8aN3K6WwxotfpHv6Aur2EgNSK78FVEr1EVuPaaiCJHk4","148952769"
"8cifqueqzmzYVHLV7zULCCthhTASRbUrVfkpkR2ttRYs","148964225"
"FQvWxomnjD6Rz7LvPFqkFArNWxQSJiMxCWPCcNZ7Z8GY","149000255"
"3WadJ9rbp7gPuVzCdfLUKB5DBKHLroTNhvfrs3T1SSck","149040622"
"Ep8tKtxKL4oXhuva7seJxe3JJNmQaKdviA4NuXLHcmFw","149056602"
"4E9WVxEhSVzAvnvi3SPeH8UFkccpxRB8HttWaCVNkQus","149056603"
"9ZHiKBJ5pE8FVANeUbkGx7vgDLT4cy2Q2hCzhvv2YRwQ","149056603"
"BngXhnNN5gs6DHSVrs1SYGsHsmKrNwnP76bzgkxw1dNR","149056603"
"3o1Qk41mimFVesUWe6DvuY6MW6HiHhmkBAhHv4buuYMa","149056603"
"HsfNNrVHfV4CXG4eNZT34w33J3AtdJ7fp7iLWcnq18xS","149056603"
"4nteFdH4dCzAUqUrx5DfWWZkbQQzS7NwKiSgHdL23suV","149056603"
"CPsoXMXneHvBxoQjsZoKYMe6KL4tHrZBcxzJhkEgW9Be","149056603"
"4LEFrk4uWDG2DCbLcusmUJCVtk9UgZs2XDjBCoUzQ66u","149056603"
"4H7mrKy8YoKaXMSDVx7HbH9YQNX87hq63kE5o3383HXs","149056603"
"6dbJHM3gfbGmRZk4CRhMMsuzAYei5juL4uf3xkMBUSJH","149056603"
"3UQ1Au6mMNGcgQERdppyFVUTs1495ZGznXj4MxR2mS2J","149056603"
"7fyrUV4fUq3CHVR5okF2igcCCsPof9HjHfQAf34gToDU","149056603"
"DEPmYiK6fqnrC2w72aQXPiQRvfFRdyFoj9zRvHRi5jqY","149056603"
"49kSJqkEvaHsRfghPKDgmPC3shTpMkp8LWtfhM7FxbVx","149056603"
"41rTHJyWRqCd7n6gHaYiZXSm8MbdvMELsPoduxv1o1Mo","149056603"
"AM9fsm4K4KpwAKPTTUZ7WsxA3gyJRWrHyb65sD2uzfex","149056603"
"34hcQzEiQsDXLgvyhk8tKtezgi1vLb9HSdSRqN7bbANU","149056603"
"Gf9XgdmvNHt8fUTFsWAccNbKeyDXsgJyZN8iFJKg5Pbd","149056603"
"6ZkTvqwotJkckfSvoWgb7qLic9AxdqBcWeaAYncvaVxj","149056603"
"C1DXNM8fNDKAE5JChjy6E7VmMDNXHF3hVpvq7w7BquDk","149064537"
"66MDinoqZh4vhKMVpWRPTdm4sEQED1RF6xUKnqcNu3gv","149086249"
"3xm1krn3E7ZBWcwEjfEaeL35tYCLeRaJ6BftSsBPGvLb","149091975"
"54DjU34UpBJGhgMShCKrskgYmvyTK8tTCCokQcBgCcoc","149092166"
"FsRgLakSrrGWd2CE8JYYymMdnWA6VfRCsa6GLrCZuPXu","149122998"
"2i7pwXsDmCKtWGiUQkVSg2NW9NG725mSok6AnvaU9rtJ","149122998"
"4d4TjhCUBs1VGZjq8vjBu3uV9zbSY2868nWRjxxhC7sz","149122998"
"8W6beTaED9bhsVgyqp3XgaAuoppsnBbVGjEEPeQcqRyi","149122998"
"BhSL98Yo3CMhvoQfyczESWXzrUD9i97jqHzFrrpaoR3A","149122998"
"6WoboudKzaD5Y9qJFE9XUJ9M3UQbLkznrPVCEzyudt6v","149122998"
"9UypAv1PsjY8j9NsW9HzmQWtoeDTgSMZajH1zR4ADkyR","149122998"
"GnYfhEBHzjXqhf5NUwQTwpYNShY8NkYAzBL42mDrLhmY","149122998"
"AHZUczbrGmaRBNvuoXQqfgLnFmXQW44Whmvh45A89idT","149145087"
"631g9voJWMnyuMigu8bL9gJLkvgdfGuS1JbsujEs6UXg","149145087"
"G6sKDPG5fKZiPgHWFPKqqiPZtvDbLXpy5LgkAwQjGRyz","149145088"
"Cye7rjbc4mFpeowSLLo7VtYuwupub1xpE1gQFqcU9X1G","149145088"
"3Gtr9U4Gv31zxjfbW5KBWoLW5t6fB2TVZieXCTHMDtwZ","149145088"
"6h99Q32Ezp2WEYkrzWP4pqo6Zvhqsd6GZWPPCjFz39o9","149145088"
"46ekVyysjfzYSw6JWmqX6Ujek5kAvFDgNRkciLEwRETU","149230085"
"AHA13k3uZRvtgc2fhMvaAnNjTXpXh1ycdXEhRxo91y9i","149701614"
"AhtopeuU9aWMigrynKAmEJEznarjiXvqeytr2LLRa2Sg","149950743"
"q2XjKekfKDUokj5C3MJb5EPPSEVUvm86qGC6TNEV6Xc","150000000"
"H21f9XSszQTm1iJzNHXUmM6kRforowMU43HKMpDAYsbU","150000000"
"4xDsmeTWPNjgSVSS1VTfzFq3iHZhp77ffPkAmkZkdu71","150197664"
"Bad9fJjAGALnWBaJDhGgj6PUDTrC3TmStwXFevd718Xr","150937261"
"7x4A8G4imRxSf1JPytHDYE2EKtUYWKmunwh4EuLUDzFT","150937261"
"5DoiNn1UNXC3VkjtJgFLqCdyLXNNDTqBJcSkNbQCYxQK","150937261"
"6vXedwrRCUYeFhmgA669sFMZjs78F1U7yqfRwTUsdD7X","150937261"
"3hn4gGSLfu3GXESCEsRuuidPQHqtvkeV1XYH7UPyYPXq","150937261"
"8Ute8gSnmbPdh4GH2ECczmEx41qQ6ArkKSRUVJZKURCT","150937261"
"Ay4RPB6abEj1YLWtSRxH687LctyJNbhwjyA6Q5VJ3DVh","150937261"
"8VDu3TShqtq9nTMBdAk617Ddeb8J8158HhUtGtGqccM6","150937261"
"4Zsug24K5q8F3mNt1Z7EvhkqEqJd1AqUn6NLyCLP4zYh","150937261"
"7KXZ5UkYjxqan2JTer4P1Sa2nmAEATdtytnFfrm28FdY","150937261"
"8XND1x9Gd2tytLNF9HqWAK6aBgtwWuep1UMzbNJKs3as","150937261"
"83AjWgbdUSLpPv1pDpBqeckT5X8EX8FcLrsWBTFck6Xk","150937261"
"BdTqqD3KGUEGkSdYiwP1Q9cx26YwDnTsnGi5NAijTY9g","150937261"
"2M1Tts6yEUkvBnpzdv6RNLboVVmPnNxQAQf32NNJcBzU","150937261"
"5t6PV94bXpjc6xd9cHe9CXo9eE37bwcvJWPNzKbymt4H","151637120"
"8QFriqrX9Dk6dGBSHWGKJY4Dn4Y8kik978EFRhz619WA","151878250"
"HWtUBxegtaHkmfece2tKguDjZxyFsCUoGzBMk1yPon4M","151923779"
"6FVtEyj5sssvYur5wFN2UwdXYCLLbGp47fPDuXw3B5sz","151923779"
"3tQ1NvRE4aRH3gZqTEeiSxBfcqvoDCxiGBj5HMFWwun1","152492414"
"6tV2q3uyXDgRL2ovjYyaBpgykdznmg4nbLLUEssDWadq","152656495"
"AAhKUVE4MCK45pp37hNUYXzFTe1dbya1tefhE8CZBk2o","154064530"
"G185uWasRJcNhmqbrcNwUpC58h5bK8xYGjemqC2Qq9Q4","265226979"
"Hf1VjDmcHbKsw4XrQTepv6b3HatMbW2aAkuf8vBL4jAQ","154935686"
"3U8AqZtheryzYrdwJFv7QvstpgdPsm4gLGu1bbfyvkLD","155828669"
"FKqbRqxLpSLYfXQZNyh856JjXLHRb3HmyEPrH4NmQsL7","158186180"
"7zdov3B5kbgLaqhTHVbANoeXCbx8taXZfaJqvtUkNXBj","2198490204"
"5vexsiveJJqKjxeCigcwY3q2m4FwVHKNJXEyHMdeqPJm","158658520"
"73JcQmrYNbWAXjf7TBbj6zCt9ruNAEKxiwwCgJFdahZq","158993710"
"9JDJDv9tKAZz8PmEe5wLHHTYWxHLVM1EdSZAbxqraGQK","159384580"
"kpqUj83k4ieDRZjh7HMqrjkb5tkn84xy642t4Zm1WKe","7433932542"
"6xDUdda5aJLG1ygndi9whxxRYB1iBCTkWgyfALn1yASe","160391654"
"6LyKeCViVfTENLFGXWeLttNsBekch5D5yRuDUcBJQYZ5","534494958308"
"3o5edfRuM5knivbwXpPbYEm66S5rPH99UbxZ8XuLVxXG","164166176"
"3TVMDaCTyrAHurL6ePsH3Xdmt9931KSuAE8NHdgSD7qD","164469407"
"BJHmcmqLdNBiZbQGD6d18H4evFri7SbJ7N9KYbdBsTgD","168709043"
"4EXkRgGEe75m9hdVcZowX9anhqYovUid73bp8Lw2VFvF","169807205"
"7wQPzFXd987NMATDXCpEWa91mfardRDLhN1ai6EpAKX6","169928573"
"Bx2yxWePVkTDsTR19yG9zqdAEbKYWp5ZVujK64pB9fTC","170000000"
"Dq8F3yJ2oixjKGC87YzTxQFLePvQ9iv7gL5oWD4cUWDq","171296027"
"7EtS2pc1kaJMA61YVo2MZvx66FHiaW4MUKHj23sS7kSH","171984015"
"H7dM9mswW7jFHD9YR5dDD4cEyzg83YWd6Y47NJsyRJNx","173291400"
"Fh7u5uALyK7TZHJp7pfrf1JpitNfWEusfHLdkqQ2v5c9","174809796"
"CkYkvZDLLLtAkxSv9xW8WF9PaapWUU253ty1sSTDQL4b","175063532"
"84iy7rcA8BYGL87Z1Ss5XdeUF5wZiVJbpdU2d4ZihDVD","175179479"
"BBLTGZgxQNBEH4tCU14gjY2ozVowHRaKLTnY6qdPWjvg","175543729"
"GuXvMFxD7ae6LyYpNzUpq9pEkPW8PMsU55LomBYonRGn","175754638"
"CwmGpz6V6KYvWVXhfo2zquZjVZqHhQbyM68vTq7tAEuo","175973650"
"qdaE9WK7Kso8xQVnsMWdcCBHBPUXcBLLAXKD8KLzqSR","176478318"
"2cKCm48VrgSo7D5JQ3gmKvgcBcqiHtWCBjfywriR3WbE","176958111"
"7nhXSMmVu31wBBBoV85qYBPaLxbGt3vmi3QmPTuFDNuo","177227526"
"4NaBomK8LBM7X8vvVg3uRPEGEjVDZx5to7nCVyWnFV9t","177419125"
"EAnFiPdUozCzVF74kwJo5NpeMyjFz9ERhNv7hmrdUMtX","177676623"
"65SyXr2S9Wbixr5NmiPUFJgphBSofdBQdSEG48MAxJ5L","177736638"
"DWiEYKGzm8zrPKXWXnXLkdDPJDFhRQ92osXdjt3HkyYX","178607948"
"EhijZtz5KSsX773T8n8fn2W6emYfPirciEYb5NLzJi4x","179330526"
"fgJLnb5BghewHPRTq4XHwSeNPMkSKuv5uWdAyX8P5yf","179498102"
"FYWaLQqkXL7QD1EV2YoytssvoWkUWvTXXxCDrP51HjHY","179815284"
"3vXe11vZWuh8uwU1z87u7MWcHFtQpS4EMVcSg8h359wS","179858917"
"8jnQan4VMFzWRchjj2uxDvBHkuWRFDGra188qFquVXr9","180381785"
"GGztQqQ6pCPaJQnNpXBgELr5cs3WwDakRbh1iEMzjgSJ","180622138"
"BoHRKvpzgBDrSzgozCFRNkYZyN5Dub5vVvrzUA6319b8","181571405"
"BktckiSp138TEX9qMqo8Fck6vK1Cbrx7owYvWr8t71hf","182311853"
"8ubjr1dmRrv6aA3cq1VrVEkdBrPnmBj54LfdpuVkVPpm","184177416"
"EGCFn6EXed9Kk2nxVGnrFZ47PdXN54EHVjtntgjkX2uq","184222851"
"EKJKb1payLkSYGaYEQXWZaWPHumJHxYKmDwvdwa96wKn","187523182"
"87XgbmyN6YKmnCxiQyqh1cwfrbPTi3XqvHMEHVEavnpE","187546264"
"3DiyJ5Z1WzDnzBee23kN6w1uLucJcPitFQtpsi6KkSYX","187610895"
"6R79SN3VbXbSw4o1bCeRoK9yem73EoXrhLXdaq27JnPb","188493884"
"HrK8hysPs1pZGmz7TnsXRenL6JuPRYJuGpe9FfHBACZg","188970607"
"7XDqetVfJNPCuesQKutNMf9Zd6jtbu9iHfumHrRiM4oq","189188868"
"7EkNbSm29pzL3YQqPjVizXgbneQ4M5ei4HWR2pvKibDX","189494708"
"EsjUpGssF7Bz6mnffFbqYA5FcvVkdzPaM3hTVhyaJC7P","189829047"
"2Xs43LZWyWCotxqMm2apVFRk47Xx3UzhUFVAtrY1sP1A","190351016"
"8ySDMR2GmLn6Xt95HGh8HS7x1wZg3tBFn8AWoQstSLuY","190550027"
"7eJtd17XDb1diJuqEDypGb5cTbKCLrofCA3Yd3ZGwNH8","191030000"
"AYew6BBbNzKwSNtp3D1FLn1Mb1j2XFoS2Mqs6oLYutH6","191032932"
"8nwAEapYkA4jv7xPvfXc4Le426o6tEVqBaAGY5rMLjW2","477754024606"
"BnRFxkknb3em66hc9B5DpCdgmKHAeqrHp1SGrhpufuFM","191384501"
"CZJPGMeaZE75XqyNYgHYL5W7RaWcPyNtVnnBoJAr1x7e","191412820"
"7sMN8xJsySrFDNgvKcTYYwsUDuTHVPgqGhqe8XphdSPk","1318791762"
"EWgKiw93kWMUzbPbq9R1frxuGr5EYhTSf4r9bDKr94gt","195706452"
"DpSTYHxEp3oEmBfCbGR8i4eDbjeVDSK6NfDqujaZmJnt","196409382"
"2jWLzUfegBBPag75zxpMWqk5xLqHrW7nXVCUiVQ9vj1S","196962973"
"8ZLc4mEjsUxFDDuVws8eWU7ZnpyTaYyJSHpG6euyMPAf","197237007"
"DTRsK6eLajNgEznXDz8TBpqKXXb4h1VsXXBDUMibU2v1","197303610"
"8J7cENHQUAMztTw2CWgGZ7GkFNXrZCQvAt4RD1qQPeTP","197392823"
"763yR8cs478LbAXUZ234A4K5Swc1wBVN3VWRquBhRg3p","197485153"
"GZTLuDojY19ta8BXJa7xeDT4CQUoCG72b17j1PR7yuCB","197606910"
"7uTgPrUfvL4MwoAf6aVjFpQ5ucyFaZD8iYqu7dABF8ZU","197658752"
"821PpyxNftpGpUrYoVtKoZyLkqcwhgK4yspGCXDwkfwd","197734297"
"E2LQxNzaTroBZbSmaAN1EVQheVn2BxZU2jjmSpt2pSnK","197799961"
"CPgWGPEKdcvw5noU18PjwpQAU5Pkp9TNBBHwyQxZV7Xf","1285878951"
"5HNJRXLGpCy6hRVvXcmsUmBQK6duQBhnrGSLfFXSLNVd","197865766"
"8RTcZEdX4Juu22LURdSFkKoQ9fgxu74u3b5LSie4f81k","197907647"
"C336gJp2QCoCe4NYPhVoLpWTkCEtXR9f4421PMLEhLBc","198156707"
"2dw74CLnzbCiAynaMbiEEaVhj7jaAksrkaGYeE96WZcC","198160807"
"FkrPfe4Ri49vSqxGvFQwbfFM13hH6DbZns19pqDa4doX","198282609"
"22iHo1s7soFYtC5D8Ju3zMyhUWsiLR6RtUk6JN235Thp","198426294"
"pBEAzNDQtzZFCxokhPnGhwRjnQk3kcMenkDFmz3hF2W","198438694"
"Dou11LE2GvYRtvw4bHzpqXbUYsTzrkJdBV8kL1LusWMd","198438694"
"Fnu5ma1rxBESHPJ9D6z6LomGgg428An53zsAD3EYMuc8","198438694"
"FdJJG7QxqSjhZbQQaVqCu8ebuwGW9Uq8WTJKP39K6gVk","198518669"
"2xDJiJAGaDwsY4TjNcEanH647u4fni3omTh1fgESWtWc","198518669"
"eUs2sVWr6uRbSVCMwiBCAfriL9T3BLRkKnjgt52nKz7","198538689"
"A4MWeZcVEJZfnKTedgGZE2kjp4zj66ZPB9e2S1fUsY5m","198589522"
"9AT7TdPsQ9sFnWhq8v18E87pCX2vpJe5GhBPKsDfinFk","198647406"
"87s1iuanPWNQHYXx5GBifR1zpegEVz7Cgbym1x8Dnh3M","198667007"
"2NDic67aU8LL5CXxNMrNakgpUwjPj8YvG8B5xm3BaXdv","198667007"
"8kHsMiSauxLukU6GkFvXEd2gF2umHS7BLXt1ySo2YZEF","198742136"
"2n6eAxN1DnQ5JsniACwbhSgYEAvsNYVtc95ySJhGEq86","198742137"
"Vzqk2wCvr2KL9tPYvM4e8LVKh6TSonUbvdJPg8726um","198742137"
"2P8FfRaAS7LyeHyRcgZ5cvSmWUBVn1F3qfKVhhGpbXKn","198758176"
"BgK72tShoaL3DprEAER8j9WwsMSj6PgLqXJNDN7u3oL4","198792942"
"GDSEppBNBkuw4e3PAvfc7rxpfZtArj2p8J6j3VnxfwDF","198792942"
"AbaaAc3xVbYAsw9SDqMaEjuTfwWDZ1o7DSK4t4uneMcU","198792942"
"6NfaXg53o8ML7DHf1jvGkgmXgKERiHRwnQZ4s1mxT89","198792942"
"4or6XtY497mog4Sijo28Zx2zE9xgJ3n4AKQc2j7W9jvT","198792942"
"DvXAbwzcp2mpGrr4yBTmxCBCQonqe7uJBTqTHS8jyVgz","198792942"
"4KeaPMg9Bbk1RKN5vM4GnDU7XGsEvnNmNtuevDupGAph","198792942"
"Fn3bZ565uYKV7Tw9xMtwFnk3grXUMn2r9t2XgLQ4gdtY","198792942"
"FaMr8XBMK7UJcpa68SjzJcE86tVW6Egk6iJq9vWbBQd6","198830664"
"CMhhqMUhFhdcmfKrHEciH4N17256PuUfY2q2a7nERigf","198830664"
"73Q9cRoACDRpc5UkUaVa4fDcFt1gj1WwWGjayf8kW6p1","198830664"
"BLEsTKBYsebnJq2L89KY4J2fFZg7ha3j8moJ2yNYHk8C","198830664"
"5sHqrZNTtf78wCzGmsTLAPtJxEZi2brY14gGWJqSChHS","198830664"
"8sdFnNW2Vy41SdAmiX4TULSsuHxEmnYFBF9WYGjrNJXC","198830664"
"4Ky17teR3UKxGHNUHvZtYEAsSUfuTDZyPcfpMMmEt6YV","198860117"
"3MxtkGuVj2W4kRUdxzNdTW7kRCjqsdZqJaHT1YqR2FfW","10795903558"
"TUNAuw8zWBMu3H4JKG5xP7Pxzxd2RQJetpxCh2XrH72","198860117"
"4wLYhyStwdcGdaryeiqaHArxF62fet4LS6pRL6tZup6g","198860117"
"3M6cYFHpZqUHACkXb9b32CtKrjzJC1kNVkForPtkjfvD","198860117"
"4NZ8rjdJnQ4GSQZ8sg5Y1bb6q9KVcTa9XBMwdyHiYUot","198877464"
"3fKigayQMeB6feNwhSTxeAUAukoXzE7P2Yi56pBHQEqK","198933822"
"4ommK4XTN8rw5PrXFXob7jrcbvpckPuB4oAEVj4i8Noo","198974367"
"2NEPbG2d9i48FLFMKpz7EknBqDZo7YETCeEUHpmXfKpi","199192369"
"CbcrbpH3BpaSoCXffjvRgc8GufdrqNZQ4dFDhsd9MTYZ","199268215"
"HBGXv2kchfKCTrzcarejJeQnD52QWgvPzPHGQxxC573W","199945567"
"4rXXnaUwX7isoBhRnrnyPfTnKZjqUGktegjBqCHdPGcX","200000000"
"6uMZ2vdD2dkHooaa4VeJVMRmby1XXitvmr9H1qeh2bte","200000000"
"D1BcpPEqDz6hBy9Q2vco4pN49XbWRSFU32wJZ7eEFpjh","200000000"
"6GqHBJrXSRpw3VZfgWVVTRK47wQRYomXcVA8SDoPGzMY","200000000"
"8LjLnUnsXpudJ6iAntSqaHQKHkyaGpeiuPHQoXFtzAxm","200000000"
"VkWqsftybVVBbRHcX36nB4CCiH4HDgKUPnv5U5Jv6a8","200000000"
"6Xii44g2N9mGk3fR3ptGgejVPUan4hbARk6AkiVmNX3A","200002577"
"5S9ZpXcBx8Z94iNTYMtcHwAGjSpMRXeNfNTFYFWpLFrj","200023163"
"Crg1X8FftV44NmwfFvgREjanBQmyyS7NEu6duLU7Cyy6","200142662"
"F7yrRL8jwqmp2Q8Zy8JKvRNnxDJm87BwGbTPjKYKJR8V","200310388"
"Dwmecm1E6qhkWpZBj3WofteykdAkPHv6YhgFR5oZ47PP","200728195"
"GpbmAPo5Hp4gTEyEhP5xhUdX4dk9ysj6WprBHHPHRPtJ","526038243587"
"BHpbDwoj1S5Ps7ZjacsyAjcQXBP9xYCrnzHaxvN69CCc","201095461"
"3ET5XJZWY9cCaa5W6stnh7HwVcmo5PkwqMaCYc5RZLu2","226365371"
"6PL9NpTZBfuCWvGJq9qMftjnFpqQFPXQTiR5KLKksMLC","201521892"
"Ev9q7KJUypcYuV3BDYa3PmExFgPGdmSDAaVzZUUNbYNz","403158915"
"Bk7JV5Lnk9r9PWyxvSDsRRt6K7xPkVybJUDeeCUCz7y3","202041122"
"H7jbudkbVUs7vERy8GaTksHMBGuW8gYDnzeqe9XX3Pn2","202423436"
"84QrCzV7t3AsZqeAQhrfMKKGK5dHcxGStxQFr2B2awt4","203008325"
"oGybfTGyeFJtnj2iQTmdF4ZYSQP32LfdST9imxsHk3u","203391190"
"9mS93aE87tY5Kq2MLQqCTd8AQgFGY8WoW2WP14g1mids","203923819"
"FYwKA36R1v6kAytNR9tQ2EKtbHhLHwF4E3rUJtTXPGXU","204111342"
"AdUWwP64pk43hsabmYLCPbtZKBSbqhFXNhK7zRv8Qzjc","204627016"
"DysN5e57NMGFtRUCquoxDMBQRjX8m2erYkhTVx4oxFvu","204795583"
"GfYecwkgHnsrkUie2U7enBsPAWrbB1TqUKCRVUdbXWY3","204838078"
"CpmXMpG366JZno4rb5XnQbjAaSvxcrH9oZLNyn1HszBr","205970307"
"ASgEhxMkhXyLYiEJsVxAFZYoXcvAtTq7jVJczT1RUPTR","206097290"
"6HYuxfZYKY54TL5eWcMLWNR2qRvLPgxnK8Qv6sas7aFm","206862156"
"4czhWYzuW4Js7Qap7ozPtarEnUoBExWohBZ2itfA2vCn","206874286"
"G8FasUBkkZfbRCvU2GxP6fJLjHXSfYtxeHgjhY4rAgaE","207359411"
"BiSE4KFMngwndtD7q38pgoujfqEW7CQCEDDcBkS8auph","208583541"
"93G6ryfc7HA72dMYNbmhoSeESCsZmrWbq6qPcxWEeCxk","208600358"
"3Syyk7pNqcHG5r2r1nWSfCzyHvNDPuWjQ8DeU167R6CD","208627138"
"E1fo9qyF4WRc4rrfcnNmLLvLYyWg3J2xaBQZQhaBcGEj","208772197"
"FX2bhFo9ykqRDCXcgyXjNkL7Y7N8qRKsWoHq5YpQXLiA","385395581"
"8oUDrP68XMxX8u3BCYEvgtM9eryCzSNEfvoxnEcLroNu","209462497"
"EVivcmq6iMsXcjDMxin6c7t5r2f5mhwac7nbjwYacv4E","209530538"
"FWbbZXbfRncNJKy5CnNKykKq4v7qESuykE3KvNodnsFe","211138678"
"QGGzPjg818kJdvU2MeJCMnHvxiDj6Ma8ZxWoT4hXvb3","211282810"
"GjsYr1BhdLHzS4e1Au7QZF5ws5Kod6ffkK1Xcvk244Gt","212296540"
"CsgP3oG1pQmiRR47NWaJQsPTwKQwTYtpV2ovA66EjbXm","212314529"
"HankoyY7vE5keFTcnRuLDctHXH8W6Aq9qA84513GZnr9","213823034"
"43rHTMQPZtu51Xauz3ZfymikqHrwCx7ja2oViWS8XGNc","213984806"
"AHBt5R6cMfAD3F6xpW7G2bopipxybnD5B2bTspRFZdQ1","214987715"
"Ey9PomB1WvMK8gvBwXYcAYAtyxbsNsihEPYakXCZm8Ay","217116581"
"4qgKmHcpMik5Go8376uFNvKbFkQtCPNnWpvuVdzV4CEx","217355017"
"9osBe7Jq4Yh8BQbsA5VKzPLf2weZPoDEaKKhJDdWrqhE","217612940"
"56FSyqjyPF4MR4rxUBKNH52mth5AEchcpYUBCuBHiK3H","218119103"
"4j9S5RMKvS8nZLeWugiqP9LrpXRVd8ns17TbUxiMyp3f","218223284"
"AA7ZscHgnTRpk4mLpLXhDNgeV61qSeDpH9zZigbxDJyM","218370536"
"8fGA9DgoB1YNMXByGFPEW4qwHXoCeP5ps1ia4X5uS2T7","218601382"
"9RPLuZF274EpCAUGH4w55tjjitf6uWLWLJds5pkJ96PN","218610100"
"CwouaTM23wvx94reVU4rojTtRosSyHQjtnZjCmzT2AXb","218717672"
"9QpxDEYx47nGgnjKXE1Vojc1jFRo1eoJNNyXfYD2VNh6","218744030"
"739KpSziaS7naZx1A9CBPyvG5wJKDgnixBCSGBgwte51","218892176"
"5AbG7zv332rSJvYnDEtdM4TtsovKLzaYGSm5A7EMSASm","220857934"
"2esoCrRmsjXT7YQyhWpUXBfJqpE87FCGV13yhezS1NEE","222953079"
"GpZ4qj1nyboJ4VR2uq2B4E7Vi94hcMCCQxqmtpuzptKR","223738696"
"9RZEHrdjDgi9jNvbFQTFtQSXYoijZXSTE3yP1FyWvAW9","223830877"
"F8h5ntgRnBJUf7HFWznnJmvhukFme769QWoHe1qoyjWY","225876176"
"DUh1qtKV1aFUqhg55KL4htrLy8emC9s4bSMpi58bwpZq","226809245"
"GePGXFmStJ8KGZSVZtobCAYsWoCeAbX8BjrxkprtFeyd","227521958"
"3dt8pSCQxKf8Mdhpr17K1x9HRQaDm6QUfga8ttV82xmc","10094713003"
"HFMZ395nznL58iMrGpR6JoxWdryMBABMDRPpzYcJtFr","227945753"
"DiveRaPKviyDnQyiiMFdV4rujsCBJzMNvPjKfvGNLGvL","228191381"
"gcpU5kD6HypLAkHFx8vdrstMaNew9Ys1vp6aoqkAfgV","228479979"
"HWVvcb2X45eCMYyV8izcCSVnuSgjct127Uk6pD7oymV6","228553458"
"2Gmax5LskY2u5eBEL9EnTtWB1BcQxab9f2vPyVtXC3fX","228553458"
"HUbfwqMWEK4o5vmG8316ccw9sHtzjSnvBDvDr7KBXZod","229735106"
"9PcHKR32VS9qq88cAnHAF2j8Rsv12mFBn42kXSrk1VL3","229842211"
"n3x9QxsJAiZPVBUpABM68Fu8SEMPJddmiQDyYetY6Ws","230070204"
"HFppr7mxYuNCCPvLAuvSuoThoxdenzJa9gGPdebZnyXt","230125581"
"FMy8MYrsRBacTLe8YEAcS5MpfZvoqYTUsREJfdaUaQLu","231620166"
"BQ72nSv9f3PRyRKCBnHLVrerrv37CYTHm5h3s9VSGQDV","232472718"
"43u8ECWSt5oX69rdQdBN9pjdrFJYmMpR9zcNoHR8RVwH","232696922"
"HZGy9aJ3bDMunMUwZuz6QpxXYnfVqjB5RRxM7HKDb9sf","235532622"
"6F5x6nH6Vmq5S9NbKJjbEAnfzyCemCouHf2dgy5y4hPb","235548604"
"7eXKaUkH3UidFjxAjLSFNtCgbyogAnDsywCpa28GUAng","236117084"
"5hjbRcAZh8QLvfHdqi7KwdXf5qYPPucPqTTY3eSq45pi","236306253"
"3X8ABySCKeboTRvtcegsF7rLJWyYnWTcdiPwzk3dX9wd","238067903"
"CaLgh9WdZEWndn2LJCGoCTXcqR422CGDCz3csLdAUHqC","238208146"
"AsSjgd67BdLJsqZH3sfac2SF2tGm4n8rgExUDGYwN1vQ","238210706"
"EueC4sHziWmq7uS5KG93D3PAQx17xTZKK1FTi1Yyihtf","238244856"
"63xvJD1LgDkVMzUEUrVDos4H6RQhY9NT6UYhq3XKuL7e","238540542"
"5WRdTPUyvh3RFdmENmzYKd52kMdXt9CNhvxshwreEdBh","238632140"
"FoNWUzYsSn3rwv4iJ9KkJobAXDQqKddBs6boGpyr9gUw","238763633"
"7pUg63u1KmA9yzcgFowiScWLH3cu8GWSGHU6dJszhNV","238893655"
"CrnGk3TyedSEtbPdEKnwUDPXKhAE8KyEXkzGBwaxFDgV","240204731"
"FwnWx7x99rGwLmipzz8ii15NqcHkKRo2oS1Y7j6LivgZ","5140913650"
"B2kiT5Ff8V4KE3UkBkW8Zs8ToisEiodJDrZyPfRMD9fG","242624388"
"Hk5BfQqa4CDo5qeU5wwDx6FcwJWUXNyZiUFVC6wnrr9u","242967281"
"EPMJDTectQ4RXjnpom7mhDefoMipifGkbGfA1rrY24Ch","243000000"
"8C2fkCoZB7oaUFAi8ELTcbFVLvhbYc8dyQYrX3RweCdu","243036221"
"99z7aKcvtQ8wF68hSvhDgmB9dTCh4SZoqgnUWqGZt1nq","243684517"
"6a3T171vUfjBJk5zbYwdKSWzzVFDyFM8KS5viCHBxJFS","244449573"
"FSVJ4e3PWQykFUJMo8AbvDYAkyhyqeBaKgAR3N4jS1tz","244633131"
"EaSRPqrZv5ZpPVveoJb1MVTcmU4coEtM2sYzY2jEctVE","245685952"
"6pWCxwAcqBvByKRzTEuaCau2mD8uiGPshSTFGsdRZaTC","246741029"
"HHueUwNub4NRgM5NwVrSYHMsHNZzmmHnAgFnJNydXqj1","247147094"
"8KX1pkuMSBS8wJU9f9YWnVhyoBepCYsBA3wRSgCvQ4pp","247193662"
"GdZo8t4v1SunD21RTJa7BFC1VwE2k2kKhLKPnPn8pNh4","247955962"
"GuPnUK6YJkpUQLC3oRvs9EydMk5AmvUnSAAfpTy1DrEs","247981005"
"BrQm5z7HT7wiewhdKKGYeKAaeDfXAxiq9hVFZJ6yJdMn","247981005"
"CJwqL89oDzzEYLjh7Wh4CQVvgmUFev1uzDkkaPqsJttk","247981005"
"EbWE9uJ1FtM1VuDip1Uvdqmq2rVUXUASdyAKT4Kj5t1b","248094196"
"2x7bwrEVxb8oXmfTQiDR2P8qX9Ba6CMcFEVgLRu58ey6","248152521"
"Ddz338g77V4robrakrK5N8XRugdsNBUQRZQrwtyYcXYw","248365193"
"HZk9nU7xahK2sQNGY7ZyNWGCucs3iccnuG7KzzFf7udi","248538330"
"7B589HfZDdJpQUp6H9XBsAsi6vPdmjLuPteEH9omVtJH","248538330"
"DCJAPPpRtVUTk62RB59wJbxqKDFEtzqoUinctoP9gi1X","248575147"
"6hCPCKbtwSpwZUgKzEzZ3guC1fAUuqeWgpeq3KoGRRaG","45231456611"
"3HZfdStM6zcrUsBEw7mBwCPY4y2y8W6TU6fo8swEnhgg","250000000"
"9WH6oYu9AY3JwAmGWbq6jSpQ7Uy5a5CJqqRA9rd15tUh","250073211"
"BTYSTZavptoBo7wexqQn9R24M7rT9cfHGpizVSiESckF","250926884"
"B69BcSg8QqipJvp3whN8mTbnuCZbf4XWkLzn99zA9RVJ","251000000"
"5kDweMrdSapqDiDNgKLPu75KmgHYPpPwxgY5ey9Em459","1374068383"
"BWw2jAn6fs91T57YkhiS2P5271LZCQBhEKJSeE2Dv58m","4140653339593"
"EJd8mNM4CJcLSRrLxkxzH1f5CPbJBH2V4GDtgYeaMfHM","252869516"
"DKPGduPt8MK2MbD82JMYyeZYSbZxTu6U7NuEH2WhYrB1","253738245"
"EnLQ4ktvgTfkUDYbjwms1a2i19QszpXDdXiC4Ga9XBKD","254579423"
"AFhNZeWduaioHQag8PUaCtWLyzkEwY4PHRq1GRM8wR8n","255781654"
"FwwoQL2X1Y1Hoh22spNAYSBcLDvdRhmZS2EQR1XvMK9b","256014389"
"2qsPbwiDYkWaJjEafiyJoco2kEBWxwZGY71ooziKnYU6","256494693"
"7Fyic4p6FuL9iAPK2x82Xfjd5QiHzaS7AQCNwj5D4piZ","257345895"
"6CHQpDZUActx74AwashdkzZp8te1EYngtx4ngBr7mP9w","257854730"
"72MpYCNRU65YcqgBV3pa1rWmW48od5PniL1pBm9CbXyS","257862486"
"8dh5gmDCJgWsMwhwsDkwNB1oTHra6eGpEdzMdrFE4wwJ","258309634"
"9Up6ttZ9ZtLSMQzMxNLmFcdxNLATptEpkdnSzSkrm6h2","258430824"
"FgiFaUombQXhCr6qVS7oHQ83J2JBDix3U3TL8kpNWFZu","258893589"
"A2hbtTG6ZbkJqGunz46S26HNee9G8Dcqe5uNcic472ZS","4759052754"
"CvknGkemShnw8HkjHTL4xezEgw492Rws5YarvR8617Wk","259841347"
"DNjW5qdwQgvrTntFafQjex8Y9bzkXjXVCAdebLxnUp1X","260000000"
"9NyGX7tKeTsN3HAcH8rjSoGUREfPY6Q5yxUA5N5qEmkh","260510963"
"4GfVsVU5B51bukpv65id2n42sz146PuLyZWXxctHcmES","260629457"
"rS2kaJpyAN7qbbR5n1M4eHejtbQfrghdCb47e84haUG","263192711"
"AF6kuEYn2fQX7JL7siVa6VsSaKuMwAWPvWm8PXALbKX6","263725654"
"7gGwageh7mBpJDjfkLwGcqdZFeG6TJXC1XjGdKUhRzUu","265840322"
"6jbG3kCuFHmDWm1fQE5b71ck5UWr7Uy6sw8X3Nngbzue","267294781"
"2GZ5wrqxpr7X7TZeWyeYeyg9Cajj6DkqVans3F1atNw1","267700029"
"4mvpr3K9s2rekCGhx2eqRA2LnmnqsnRBjthi8gE4F5qi","268378273"
"B49y6ME4cF4ckuZimHgoSLSb4TgH5fnz55wq9zeg3AKV","273045495"
"EJPWzFYd2uVyCV2fqyiJseCqb2vYzLd2jreJUazgR9rQ","274937594"
"Aw2kgim9653NCyVm8Qfre7e5vhVdUGf2zAUZ73zFRdzd","275503942"
"BvnjLhE4mrEJwLphUjTJpP3hu7Nz8LtU9BDgWtRmtPVe","278327210"
"DBW8niKgH3Z3GNHZUHSMiCVtfsG77yDr7qYbNDr42ttQ","281082726"
"DwREzRJsR6ib6iVnDqUYmw2dJAuBCxhPYrDwaaM4Qtni","281572902"
"71WDyyCsZwyEYDV91Qrb212rdg6woCHYQhFnmZUBxiJ6","285101764"
"ELcqnEFx5eCKAs46xj9pzLUmiNCHszGxQrViLZsJ5WU","286268129"
"6wKFhuXhQ8x2LVRPg4LRpq3fiAbvd2suQLaJX3AoHB1c","289651156"
"RoYFUUD7QD9aQ34UCMcwfye8dC5YvJeXz2J3mmoy5S4","290770186"
"7fn9H9ByRpciiYFdBxqPUYMTSLiDJyyxDitVSUxMs1un","291884701"
"GP8StUXNYSZjPikyRsvkTbvRV1GBxMErb59cpeCJnDf1","293743663"
"FKMzAtYgwuqSfBJM93C56mymn9G8qGexrb5vDXmFpcsM","294848337"
"9DnYjtdXPAY6vKjbbZ5JEutWFN8Zz2bAGk8ZseCZU67J","295172764"
"DBnk2LB9myd3wbiiDP5ixugjsEoFqxHqqXa169RGiyjP","295444459"
"DaXW4t6DLciB8RmfGa16DxUdjtW94UvQPaXJ37PRQvae","295955415"
"6tVAFWAWTVg4FoPB31nn9D4Yie7ndbi4yeJGNLGC5ypc","295955415"
"FuAGsjWZkD4NcBDqXbUqpT9NUQzJ6briQMbMm6UCLjcx","296227730"
"7bZLaXD72zufwWqQneGTRDDu1gjzfWopZ5aeDpQqifdM","296227730"
"1jcjXfP3z62XAwfBD2EnpMrjtBkJZUab1qug47244rS","296655238"
"9wBF2922j7vpSKfqr9Arsybi1zWVF7GY3ZTs6QLjfzEB","297090301"
"CqRX5oC1CBKZorM5ZvHSwGY6shczcHKnENHpBqBfShDj","298189414"
"88GcLiyxHgL9kVhsr9z7LVdHeDcfwZdmHC9HmeTGvJQU","298245996"
"AxBrGPTtVqDfxSDQcGGsGfdHj4pEqUya6JMHuvqtAMGZ","298245996"
"5FEcsfj5MoWdqHL6vqGwMiY7QLCuC4gKhVP549k2qDan","298290176"
"6m3wvvDQYzpcjfxvZwXjeBvx2LDQh88bQj9DBJxRViPT","299513444"
"2SepiJ4MvNtkRt8z7JCFz6iDHURrZGQ8oQ6ekKXgzQ6H","300000000"
"3RCJidaMxd62YJBNPWzAmsP2D6kSH2UzruJ3VPy6HXmT","300000000"
"JCJHUQvzAND3nNQV7oGL3GFYkBmTtmtc4kFvNAfyWEGE","300000000"
"AxctnoMRc4Hb4SXq2F2v3j8T1M1XFkov3yGG33A2XAwR","300000000"
"A8juaPQqk7pi6ZEnsgXPRXc9HXSTmtZtP9kmT5D5ETwa","300000000"
"9KqKJa5N9BZgNhxAxtNuq8eu7oGhhvkL1Aanr9VxhL4B","301450882"
"gdQBxgwhrenw9TPB7UYe3uvAmA679qXQrMZUDM5QxVY","301632769"
"3bPRcJ6H6JC3kAVJY1i9axetHNXqdoSfFLJteNxk5ofC","303317306"
"F9jda2BWmKCkRgybRdJCh9G528aHpUeEYy2ZM7qL74GY","303526267"
"B3SxMDLSQurZn7i9AmyJJXCnD1nU8ismemW8pe8VPtdv","304488534"
"2XwEua1pMMQcJbSEQVC64MsJtojUAHdoJmbSfg2zKTPQ","305371533"
"7muEkrBybRUZc6r9grPS7rw4csWtPU1eoTPygB6VJi38","305613716"
"HU23r7UoZbqTUuh3vA7emAGztFtqwTeVips789vqxxBw","305906901"
"ET8DSYjMCbgjeXeTSCfSW9QMsiU3u9PpPMZwKcFvSeee","310000000"
"5a96ya7NK84hzqe7JeSKnL8JtdZp83dxu1xgQfsFm91M","312072145"
"CtGCbLfjSJG1CHeBcu9nLDA9hBTptGnNL269PkGGxY7F","313153394"
"CaY931dqhi3K9PK4yZcvmEWJRLCrZmi3ZU2fs6BHAPF6","317231405"
"8rfx18cBgNyPWw44SmqSbAyaiWacHJCT9JYph1ZefLWt","317501911"
"C4UR1sTsRAqjoLipZbpcGoFTc2CaRo9UyaWXigtbPjNc","318195602"
"AruMhBV5REgULCBCfYkgPMg3bCuJ5hjHEMVFgk6nEx6d","318202413"
"4WRU8uJ6FqrAR5FzuuZZJec1geMSL39YvuNCvG4iub52","321191718"
"89o5q9ASQ1wGcGGYTTcrq9Le4cQepZjHsmqftpors2zs","323981502"
"ZYSngd9Fe77x86nSRUq7pfZiNTXk9KNqAon6155PAza","325230760"
"FiE1BrS2LdTGy8VupKqjk3fTGzxwTXskvgd8w18GWPbW","325412489"
"GVyXQDZ3ZbhNyTxuED1ZPcDRbeioHkoLbn65ZCX1KkXP","327174611"
"FXPKRdBCSZbSd84XRJs2o3zNJLgcaKdXE3vyYoZb4fLX","327687478"
"6aBoBDjbTm9RY5vS1aEkDrDpbdDEcQ4sSXXnzj8R8FYC","327981314"
"7DDjRQbBYn3CuL6kW4mT6aLGJ13RTR327tdu4jeaKzas","332036471"
"GtuPkhpVxKXVHXPctwhJdvcaP2Hqvwm6Av6Vsp1GDCKz","332972215"
"E4Ubm5sBvG22F8GP3vYrCkhBeQnVD96ouTdSdcNkjDfk","335191806"
"4rAZ2oVuyu1uM7QFyhBzHBnwUcYaHXn6xxpifbfrguo4","338012128"
"Gm4FvmDqQxNCqRdmynNknqdYcMwitLMfqY8aLFaxDwSq","340322276"
"A7msn6tyAM3XjpDCssfZFsbsgzNFFkyZjhinF9iwws77","340877046"
"2Q2c7Bo6ssSMbR1EGs5VYAZuwfRtHD6VekrvwRNK6cRZ","342175546"
"Fqjt3pxqDtq9esi3VAf5gnCm7UtWDQbZdkw5mfy42PW6","342486291"
"aiedUFEmgngA8XZ2YjY8CcbTRGPpVvN3rGM9rrU8StA","342822006"
"D7tEhKQmTBPkYHaM5ivfTBXcGtY6nZwzFocSgcDuPfJU","343742131"
"GiQHfAsMAjuv3uvd8WK9ShR2k8VcZFpp4wdJWoGaU4Mi","346271134"
"CfBCF25Qf748Bt87NTmhkZzct2ienZUoNu8K99YYn87g","346640467"
"LvELX3rmGJMfGhSyZdM3XvB4qQWavVLrUqYHjdisz5i","347251818"
"oBSHV9YQVjf5GePvnZeZ7YgNju35t7tACz7eXMxxyVR","347853593"
"4T9jTBQD36eBrsr7r91yFobJzG92G6DSKUgvCMB4Sfqv","348005206"
"8HYCnyP6pfnX64xqkwRvcgyVT5qhVP7SEEPDeBX6dWg6","349407912"
"BzLizPxvpUfBHFhEgGj6fUdVJgh94rkRLDTQAnKLtMv9","355446361"
"4KRpjr88WMHGgYjppMpKDrbLeoCMqEKBomJFUh5gJWkk","357176736"
"6UbY9FALYA8xyjXEgwesGG2zdukxxnxauLJpzRdYCWzW","357445935"
"7JQeyNK55fkUPUmEotupBFpiBGpgEQYLe8Ht1VdSfxcP","363324844"
"55KeNYgaHB5LeNKoaSoQx7di8kj8we96Gpm2QTEC1QH1","366831009"
"3CgvbiM3op4vjrrjH2zcrQUwsqh5veNVRjFCB9N6sRoD","367498705"
"64VTjB1aeafTX5bY9UewWAZZRwSaEZH51P6xWXN9MwoP","370309438"
"9HLwyGcBMvPxi27CfbKPM8ZzLPtb8TL1BwxiXgCo7asm","370936844"
"5rUdrRWMgKMdCeT8GuQvjDLEjwepxufCZ1Nx3uResSM5","371778278"
"DxFM26VuU3CWYKd5t6SySkRPAjdfVFAaZALBCmPeU2Eq","371946609"
"8pPeQan2ZU4cCXDaYy83D4vNJEzxj3AHHPBVqdKauvrv","373109901"
"7iWnBRRhBCiNXXPhqiGzvvBkKrvFSWqqmxRyu9VyYBxE","373863298"
"AMmtq2meZUq1d8BN5cYi5T1Rgjsd41P24kwdrpPe2YbS","376292497"
"G4SytS5dAHA3Wy7sr3h13N7v56716jhJA96NaRpf5PDA","376559580"
"6FzMqdCLBSzAPB5x8J9PQe5EH2GLoXhx8X12ro4Pbksq","377610062"
"HjFhDLk8Btcj9yX5BcyRxtp6cc3KL89H9wVHgs69puTy","377758029"
"pfSvZ9oNRN5RxdYvHraSz1SmJhk6x9tL82sJBrCQo7M","247806481077"
"4JSNS7HkTE6KehDhKENt5Q2Z97djubVF5wsPg6JGSRWT","3537863349"
"6som3rVXaoNm1DaC3yq4T9DbnKtEA2WrmEbL1Qik32Kn","381206588"
"Stakex4B2tpDHPWGvV1dninfiaYCGdakgTknpzPitLh","381825495"
"9eFEApwEnXr6qXiKnzNz1KS6JR4YvXFgV5PZp8CUbfZJ","382065864"
"4x5Rvr9qwGczua2BvFX2NFEGpzsZQwysfPBpsYL1AsXh","382100505"
"2ihg9gmLNry8BhoMbSXFgxtsSsho2pmchfAzwzdkHRLG","383004651"
"97V6ySjEnVYT5jM2gJh9p6wL67VgW5JzVgDAPSKq3Wzf","384297971"
"8EE792fUKp4wozSuhoKs8jfMCRFsqMPeojEKvhBfM1N","385403426"
"DQFZL6zW4Fq7WLXuLaS2grwCSsz6vorsZ35KPs7aLgXY","387212250"
"579azaDqpkTkrr8wpeYRjFgohJhyr3ihM6MiskHLduQf","974160459581"
"C4jRaC4KNZNPDWGuC1xLc5dQFMewgXGXepxoTwe3rsiq","390000000"
"F8FdSgeZfxqh31dJ7PChoA6g1v2uxcWox1B4ELfHV2kk","391061799"
"HFqp6ErWHY6Uzhj8rFyjYuDya2mXUpYEk8VW75K9PSiY","391679728"
"7CZCDDy4isubM56QPXYiREjxYJEBn23c7E9ZRhZL6znB","393421958"
"6UiFZTFzDfHJtkVTiNU7zCHjX1ebJUFdaVW8Sue3fH4n","394188994"
"AhtKPai27h1KA1Q49jceXh2VHfTZdQVcFScayraFHxGx","394970307"
"7PGuadmLePLsn6XQEmMz8kt5htJfQW8c1y7PfhLd6hRD","395508388"
"EZ21wbHHMJu4QJ3yfd3MXxSjomAcbRMHczAWb1hqrSeZ","395782980"
"CVmuMm8k12jLaiN6vHxUm9i1Zy22pgy3wjZbFE7UtnqC","395881990"
"6zYESb5i1LuxjgAXwgyVCrZVjptYMZrjzrsheQvixTuG","395932846"
"BLaheS1aXxcdUVGz3Xz9oQZjnb2DuTVJ4sq2dHxy8sug","396858113"
"4aG2TxjxcUnRnrE7GVoAT6Kn3xHAs45KQvw1wtinLq9K","397037339"
"ECemuSriPT3ZPji198ehAY9H2XhYkXsFL8EZLpABQwS6","397105701"
"DY2faYsXM8EXMrUHvcyxbyj2jzDLVqZpsfBcCuSdZTEh","397661328"
"7RDzb9rkNueMrzG98BwRHYpP2WNZzGfz7iuMMWM9B1Fa","397708568"
"BCCKXeMpT483F2V3xC2Xa8UwWSwRQk6A5MwBRjVcW9FS","398851357"
"ELQiRBBroT1AszvLx4enRdbmMyjno19ygwApC9CcqBrD","398989448"
"FY65Rmr1czBNNBR1fPLgTt9T3dR5r82ietVH4phEzGi","400000000"
"HNzoRkVZhiYrZPoV9fUSGBx4wGm1eBm2kHweSUMomYVk","216920581989"
"ByedWBJUgMigzQdCC4FFZtq2wsY4Qpc2SRguq5WAt9xp","405031665"
"GMKnt86uyB8h1RXVpPbjSQ1zKD2Pa3YRFP8bn42eemns","203765238289"
"7HTkB7N6Ps8fghZae5T1cE5trswGVM2Cjx9g1eaXdBRJ","406403913"
"5JuVZWgYxwP9qxcUoKPYKRSzZFURMc3g4zjNnMzmWa3U","406421818"
"8SjHLeEECe9NGFb5PfFb8cozTMzbot57HtCio1kcfMnD","408064193"
"GjbjpqrqfDEQUyfXTtajxcTCkUzUtiU8QucFpxqqfEDH","413697596"
"DKHwKbirKwHafb62Q85M3dGYqPu4PMS4a1htyK81HwMb","415512044"
"Cdr63v5zoUFW49JCwT4Fsr2zpb2kDZbDB4wojXY9Rg1h","415562983"
"9c6wRXmGSyXt2UvT2sYyc4FM7ZFuwCBkib4npJv52XBM","416149132"
"CEzcRVvCV4UA4R6pjUwskAhzkaL7XF9KS2WraQvTjoBm","416724579"
"9WQZowr1R9Zu6iZsbvTbFdPBVHneeUjMDUEvqxsLsR6a","417301773"
"A2dYcmQBvdkwbBpXKzrAomXqZYbn4NWGqQcYbvmmgjBs","425159257"
"35Q61qGVUnXBQCKZuK9797Yri8jt1sc7qv22pHRugcfB","429643051"
"86J52egGfkzDmByk961appyevaJ5BqaATXzKMRXCPyZJ","429716706"
"H9mARTLLxZo94pv7C12ErBmiNnCLyPnSLVV7bgEsKjX1","434264211"
"7CkBYZsg9wu934X3xGmVapNp4rX3jAzMsHN58jTqsDUp","434467337"
"CWEadFPqybirtYfYVr7Hb5Hv8czG9WQz3LjkVuirdWxx","439011879"
"EnntqBUfPYUPafpEzQyr9E8quUVD2LN8vC7ZYSjBJGPg","440527201"
"9nkmDQfYTcq8gyBtBNJuFDAXJXbHCt5ba7PEeYVvgL3u","440632167"
"4PJA5B82JvJ3C2T81XQswiAfcvqGhiq2YMYqA9geo2uz","442797773"
"8nfs8fdet2fzpzEurx3BaPVKEC8qLdBLgjhYjvcFDeBT","443986433"
"52cbxqU5rP2ZvFkXffPJLuNmqr6KpdssB6tptBVJtnwJ","444133852"
"yedE89XfwbvrA27EUNFGBpo9PVairNd2WbXVEQcWhFo","445781514"
"FBm18WGJera86YUrDPRjQz2a2cUvByYNTXuPRpYMZfCn","447004296"
"ALPuHAtVCBFfkbnCAuxBiA9NjJhkpRkenTLYBSLkGpyW","447749592"
"8Sktz4x5Vv7VqPQxQ84m2vyTYE4spx3W9TxyTBGizTFZ","448257870"
"FYNGqtroT4mGngrbrgrnmvfh6aJbs2ybLwy8CfAWhUwh","1302614018872"
"FL7TQYYSpARvYnjYmGzw3r2SBcSZsZopLX7goL1URNft","1304242014894"
"3evHq3jeFTS2CnkFSjRzMywcnAL8R9chdJErnYStmH6K","458019908"
"2eyJ3pZhPVooAGJcv2L8yv7yHjfT3bLJZV17cc4iqc1h","458183088"
"2DfPb4MPhxxEFDYbjQV3rQwPB1n4e6CKgyC7y9kQrpYo","461539842"
"AWXVCrS44t7oqH8M6f4kdSBYE3HXBM32cYdosypgkkpa","973440190"
"5t58fpe48vyGF9cFsrXZDRtgTiZeDsCNQmq93nCmqs6w","1422977742"
"69yhtoJR4JYPPABZcSNkzuqbaFbwHsCkja1sP1Q2aVT5","465533810"
"3evi9j3ak9geipbBhaKNrc1eAwqrEnULWXqKNEWBm89n","467138925"
"GukPLw338ZZ6BLcHM7nc2x15GhwFLHvYpkvi78Kx1yA4","468814801"
"49yHjsy4MaQqxREjuJvoE8oaaqyE77jFHcFwXGXM82by","468880837"
"xasso5u6CxFTinoy82hNQQEYJsYzVbUCbsFWgFytPru","1269935438"
"DU2ZbNcfyY7xakKPnXJqNwqFLJV74B2STnRe15eBGz7d","473736770"
"HqaNmwJxg4HC47oK189xfJ71XEFyQo3g7gKNkoxGA8WF","474544152"
"6rgYLy7Pi2owHga6SXz4nmKAgXiSksEK3AhQ4GB4MRwA","475680977"
"3JVYdPayF1kit9YrWPQzRm4gxC86bNRXVNwovq1T7p7k","475793873"
"3LoAYHuSd7Gh8d7RTFnhvYtiTiefdZ5ByamU42vkzd76","476175739"
"F34CWjUjtc5esuKgC8cqs8868v5FA96wTb2HUQVRpx8W","477866003"
"8kwdoTcJt1x6fg8cR8wHfKMBtEspdUkmobWUwUoBGzin","478092616"
"2RSNxGma6z4ae2UAHJwQVY2ZXszXbX1wYL8Cxt3ZRPpd","480904220"
"B9BYqnd2RoLYiPVfUMjS7NChxQpVTviToFuaeSj3bLyo","482131281"
"8oPCfTsEKJH4EJSrgh89JvWkX1zFTG1r1qbc8Vsys7im","483393844"
"9qk3TUUUWNnqJxrSad2diXDW7MATMaPGyURDoeJTcsuc","489678188"
"5vEe5NZTmq7sQ7ntS7BkBBYWftHVvWrf6VsegKsHd9Gi","492982137"
"7yRuuMWTqSMs1M91NSYFJBB3LnDC316X1BNor8EaxwH6","493259025"
"GjVf3ivgJ3Q9z781uqeEdtQqDZjE549HfxL7WPmXMVrS","493259025"
"2mFQTvvBHRanjbCpLZQCajVVPtQSrXBcyQyUFQAbWJx9","493295183"
"4dZRBey2ZG7TgBQDeUskS5YXQm3HJK7AhxWgzjAmhQuD","493572278"
"GaqmqAiZYr65EjMyZ6kBMAqCbinZYxjobVnC2krvvRoy","493710689"
"HxJPRZJfiyL7nMTTSXwTtH69XvbN2yh6dkZnFVftoL4C","494528935"
"FCQPH11ithHBwh454bvPyzBwT8dxgGrenJE2bQHGP9xT","494667237"
"CvPwpcR16r3SXdUMHZpChYG1u7ekQ7oGEpUaGE1sq3zP","495733043"
"2iyeTk9C97bZG3gXtouQSn3cNJEDbFvy594A3MZMSzWk","496096736"
"3XYBqEVDsCf8BVyNArEtCLnKhxDeGBPgRqE8aLbdn1AP","496159854"
"CFGo61fRMJu1BtZnQyu7us4NZccPrLssmJ7L78g4849J","496296673"
"FqWK8aZk54jmL4JtgVkgTan8YJWQApv5w71wBwDr5kG3","496767022"
"7VZj3783vzYewoSbi4cBRhVAk3qAWFwky2MHJ2VHhdof","496882185"
"5gydk3zNEP5MKaBzDEnrYAoFLNs62yUiXrhXpHihcotK","497076660"
"2PE7WogWaiGBncY3c9kzxzWtWdVERVWiq3KE4HBb8AWi","497076660"
"G6FxdruxwPptnWks9iQrehHdHt4icMNzCCVwR6xqBMBD","498017477"
"AqV8sraUdQfL3YVf4FRYMrVDvz7iFG137BTUgGDbEyaq","500000000"
"37rqRy1jNvYSMGHydU5cZdPLmSVfnhaz44aQh2Aopy21","500000000"
"6YktMmvQN1bJzkYzYnSzXXMXZTsd82G8Tr1q3YeEiHe6","931429004"
"7MATs5Rmde5HXRFn4Wvgrg78BehrAQwTto1pEjucEHZe","500000000"
"2BejS5hPmmG3wmNjXhNgcWvNHYnFq5rVNXMMLCoenq6L","500000000"
"923M5VbjrW67jS17vahJT6SDLGZM5VjhebcGGWoAr2DE","500000000"
"4memjMEHS7TjyjxyxxUTdwjiAnGZL4ncu4kjEJ42Dve3","14006603228"
"Gx6Dy9Zcky962hHYdbrfiVuMPWAoS6XKcGvHRbNGFNxi","500000000"
"6RfQbvQiCv7KvHm9APD9N9hsYwcWrPD6aMfoHtaftJdB","500000000"
"FT8AgXmz8NYUxCeKPbjoPCeRpKNnjk8B5tR8F15Pb39X","500539892"
"9cGjgK4N1L9qpy15M72cZJJx2XTpU3HVRVuKtGm3WkWh","500568289"
"9k79BCWK117Rp1XAacNQPqPtZaokkfdD5kSQN3C5HQCn","503096618"
"6CR9e8Rxz77qDUsAxzqaTVLVPvnFk1Vbw1oAn2YRKRVV","503587142"
"FPhMgEsLFR5DTN3tuKx1T8DhnJT1jQBMu8tmViUUJ99v","504302297"
"2yXEeTm4FNT6jfaYBMsqj1fqsWEmq1r97NhkrEKnWMG9","505943355"
"HYppHeDChmVkm2ewgvCdGzCRhgwodTw8U6nwtrf6xyAH","506001639"
"Gc9m6DiwQUMvurDzULCH38GDMtaopQLumEeWg4y5cxWP","507424297"
"86mQoigzX3wCvPgep96L8aUxuZ7RNEzJcdYFxdP68vhY","514603818"
"7BYMnACyWzmaYtEn1qAw5UAQ1AGQzTY32SfaCFsnsHER","3798124408"
"6q2Sh7Jzo7hkV3vDVipu7MCWuhQEYwfXBNzCjmMk7Mxf","520424994"
"4YfB14YWodkRJBaZQT9K6JppkUS8DQgDajXdxj1AQcbn","522164152"
"6sqoM2E4rY2YRuLPqAm3MnmAArLMX5MA7vXUQfgybyN8","522854566"
"4tRa9RxcxfdQo54XtnnSMdXsJS59JUVJEjYoqyVTA3TV","525173005"
"4A85Tgyn47VpnHA3EYKeSEHQJfuNVzhNhyfTbWdYFoZk","533209915"
"HeHZDpHN5MjZaP4SHNJA7pxaF1UFFzc9JNRzg2C9ngrK","536111033"
"3M4Y8ekeDqYG71EzozTKUnY4Ysqgz3PEQWcVCAadVFZa","1690056385"
"BozdV4JE5mk3Sg3gcX6drgNtnKvEutFC2X7AwwkbSETf","537171189"
"ojhV3g32SGtsDiatUaRkvBT1J1TxTYCKCH1998aFKiL","165332023236"
"GL7XJnvsnFpHH9xX62azX8PPuan6YcEHmQcmGu1NTfkM","543470487"
"3ZWMZMiPzp6sVmPmfDrdnFpwfaw2U8kC5QvjnibDUHd8","544722962"
"8ZKTcQkzdf3qjY4uVqigm9ZjQmhG1i46SDZLFEhu9VuK","546540879"
"EACMsSRQmaPhLCju3tJwHzdT3eYmwC7cphCZiBRrub3a","546747630"
"HJP2sDUZxRifyuRL4hnNhGKqjXpQpj8VvL5r17jvhVK6","546865323"
"87Cs7ohQyVeBTdPrApdBYmTGwQwCAW7CFHrxZEPvVQ1S","546865323"
"DUag7TZLnhfwAKdZ2mMyTTEbSc22Q9rWoqCPqAxJPjXT","549517526"
"7zpzLCurxfk579XDBJvE5uwXBpDvDZ1izgtrZKh31HDn","550517124"
"C95Mg6GRqDtqqQXAbnQU2cqQh6fGDkMv1LzFacP1YV6S","552702014"
"yjpMi2zdYK1NJ8etnfUmkCeAyXEjbKAj1XJbtiwmffe","562101110"
"YR7XcapaqekJH5RjxDDMRyciTLNFuQHzc3pEKPo9WQx","564516185"
"HUkYVgjpxbUiz5S1QdpApQMnX8L5Tzin3pmyKYnXegqD","565714782"
"6Tu6HXVtFVHpJcndp6SHtYjXPzt5dZo6yqGRkW4jYKQ8","565891897"
"3hcQjk2hdL9fJsx3b2aAnEiwgZjDAui3PLM2Lzg2JUQ9","566303698"
"GaaLV95Q5yWnSomL7jj6qHvPeKph1uUpHmuD1NW8XtU5","569145950"
"7xaCxc16ekiNsny1WqqyyzxgJSsCw2KFXJdEty3rgsT","574532572"
"FDZbYdyaHRJLgohEfReNV1bKNXGPWZ7QzRbFy42tvNfS","574836504"
"zXwBHJYJbz5Me9LD1HpmKbecXbUoQy5575HSyNfNDos","5976382413"
"4bvC2JvnPKr8YuRCy58r1AakJEupCW4UFTq7E8iGb62f","577586633"
"9796C1Kt3pEj1wnk4RxqsCDGnr8HP7dpab9tuvE1DUDs","588937505"
"51tXKvXxt5Tc35Len9e7dB6qaTTe3F31o9fc8q9Fhcid","3476805562"
"9qYYp3NCsVFzJi3msP9MCeinDVt8s7NDL1gvvabgAGFJ","591910830"
"5hKj8ygjio5Lthyj13L1wVHEDV1Z9zBZBKcTaQhodgYC","592754760"
"CnRtW9rzELTXUF2DXrjT3VWaTty4Xg2rJv6dF7BZbJuv","593827249"
"5F2LdeXzDKdGVz3ijRHZi1HeZxMjU2UMxqimgMFXdEhP","594668260"
"8496cQKNaC45Zp7TyCB4frcitP5vNSTCQc4zBWMxWwbk","596188102"
"35WK5pSTwatQfCvddd6UHK63MDQ86YwfADb5L4GzU7Uv","596238819"
"CBdkQ8WwaNXJ9pGQCtnbiU8mu5ytnw2BWNLasnWUeNtP","598523816"
"2f4HiRzdcvFfNyy1nyhTVdHhz9AhP1mj8e8YEyES5Xz1","599000000"
"HfPe2FhGhq5xJMrhxhEJH2XHaShcXCkZHnHL2sktqJ3Z","600768389"
"29NWrAVUb15jpEbLbTxT7KMqXPGQESdkN1P8pAFqp5CP","600872789"
"E7nXrb2Y1JUnr2P4zmAcegaQTapcAwi3pLfbEQa4m6Jx","600992543"
"9GAR7ch4UsNGT1DHarN6qwXiXCztfNADTrdoZR64G5U","601864497"
"CT14WMj59BMhvwFqfDKghuxe6TkKihTt8kzeJ4qcj95T","602689779"
"7CrjQTdHHNjKdEYR8kV7MvqMyxJUefdf8gh3MCHDfae5","605335074"
"6vNxAMhayHCzrmFtd2eA6hQGhnV1V9CZDXUBpTWmKseK","606224210"
"AkrVi97Gw5SzmBNMY83MLLYVMufWtaftU8XKCH9xRGoC","614946984"
"Bam8zWWjUT578MBY22veP8Qj6X8SbfZ7GwxwTiR6oQX2","620461565"
"FZnBwqxxnB3SdGh7Edcij6Uw6nX2ovwEiT7uzQQQhoqm","622965081"
"5tYPPwpDPdUQRMLpoeLreiTqKXcmKKtUGaH9zQ7iYXae","625498288"
"FXZQASsKFMKmuwU4NMotWyPhvM3mA45n8BWQusNEhpo3","626454340"
"BUV723gGPEdxdu3deySNjMsCWKMyUWgVyL3z8d5AJ8e4","628006166"
"9ncyX4MMp8tSyhfW7k1wdFEGvgVTTympHKJMcBDM8LKQ","630946721"
"F5cS7TTSvdZ2MtuXdpaUvqAi8GSHsH6j3RFEtwa6xPt2","632301808"
"CgnRcZNoLNCpFzK2z3bt7tvvr8UYzsgkascdqfAG3THo","632382210"
"DghTkvPh63J8hs6NUUoATB1HbXCuVJmGQFXTBXT1Q6hx","634498261"
"DLHNKN3GUpXfXYXJ5iTsBCnAd8zsZjTAmFREfFJiq1Yt","637919973"
"B3cppxdGZoXS9TL27QCXjTN3n9LjWejNpRygoAFGRnPh","639858523"
"5AUWoA3rAooPkdw1HqoQ3CTaTt57sUbiDsGGWZwbqXw2","641236732"
"5nEg7bprBUh12CUN3HqkfFEUfLedCFaCDx8GfWCFUCbj","641826749"
"33vMBMzy5m7Awg8V8U9rpGy7idJhNPtQrj92quVXrmDu","655886706"
"8rXf17ytAwFpon5jxDGbRxCL6Gxr6irXFdsTvE5oiLCZ","672074640"
"2cJKDiYLTXyUB5esLqUd3c4UpYEGznkNrTfkeAfE43wc","672696760"
"4iWrBerF7vThRSRR1jRiM3kfBS9LsivuTypDFeZRQaGF","673893119"
"BmdjPrGLXf9WTA6236pfByiyHvvEtp7rV8aJNh97q8fF","683758070"
"DSN3j1ykL3obAVNv7ZX49VsFCPe4LqzxHnmtLiPwY6xg","684710019"
"GVRCnfkG6RTmwYbjKe1SRr8jg4nh6wGHzpqjdL1Fg4te","687152229"
"Bjye9UjxUdGtPjES6mRCAnQovpKFGvTeQVKKgSQZEgtj","689614079"
"Ev5i6W98K6HU4HSLySFLpoZ2QNswMVzDAfmrjyv3BLY","1278260570329"
"Fgh38rKPaom93xtASoqFVgdLGq25pC7HMoQHzayEumRG","694020980"
"BG6WudoYhweMX4NkTThVm2MU64aDJPEye6R1mR6HrK1k","694496255"
"3Sc5PqLrsTmQ4dpb864bYcAHE9bof1a1jsSjHdRZ46m6","695093511"
"5ikgFpwCsp3hrrV28RFbdAXcCUv8Vyyvj1hshBjnkzJK","695775298"
"7pf766zWH3b6kBdJSCMNwMZaXMrdydkMPJgvQL4nKRGW","1571137035"
"51eEH4yUGsYbrm2WM8dZzXGuXQyaZZd4JJq6hmV7ndb3","703114769"
"SQxLEPoY1oG8XepAo2djSnt1CRj72aAmgo2y3aX73Yw","704066961"
"5V2h79x27We9qVjEGjbbFzapjqsWafQEcXk7fx6pEgWR","705823560"
"ETUBu78DV63rmCjvW7FFEnoDdzsk4kBcoYWv9Birno35","2130574112"
"BV7unTkPEz911U62pGSGTAB5LnQ4q66jskZCGCrUZKgJ","710885926"
"8bpigPJF99t3kRfScdZtKwjHQg9Kcf96KxfUDY6oVm3F","711299016"
"7TVHwUvWPi933AQ3kPgV7UekTh9D2wJuZF4egiPSW5aM","711954393"
"AfWJwp9MBQDcpsTHRS8YVkCJHBjxDCMaXvvR925ns219","723215445"
"BejZxkceUNeSitgdHRQYLNmyB4wwzCP7pq2vqW5rQnMy","723567150"
"7aYF7d4QFGRFiH8DpfbcbJ5JgAr3seu93c7EhbQY71f7","725821803"
"EfoDBNY3rzE4M2Vio6ecv6j9uN2vfdrtRiMiiKoTS6gf","726276529"
"AERY3P5JWpTicGB7XtP5SfNd754vewRipW1bce2R7dLK","730189647"
"FD1qKXe8ZBL2Jd6dgMvPHVr7Jts6cudLrGaURJgdKYFb","735513577"
"3SVeFPSRrhWbZFw2vvv8hf5H5t71gL7wLRQdDnUGw4WV","736586243"
"9EK6hUYp3vrio4JrhcBCSEdzrHK9FcFEssvrYiBFgcFf","736774283"
"ASYHaWXMMLSnAXjaeVYq3aRBpW59ChPAmwWE6pEgLfKQ","1586111430"
"55sgYEC84ydVimeLS7poPJ9oMHAkorT7QTezB6aJktgy","742001796"
"7fFdvTwhhdbSpkEjLW4jQ5zBatfUeXnUY1SazFW3a1vm","742437828"
"GZKfsMk3pNVRUZq35HWCGxxAmr48aYbWCaU9o2eRKe23","744295499"
"ECvw8eFAfrd4Y5DSA3ZJZ1a8oJ4NBEq8BcCKXcyMpRh","744445010"
"GAk6DhAaNDPqtkV5VdYit3c7NgjrjaFdHcPdkyFuxgFT","744568349"
"DcR15WAgab25qDVg3KuMhDRM8F2kAs9sDCGGgE6YTixh","744763848"
"5SeusbMtncovSTSrZBAmNzFqxHXKHmwCanSupjLZtSpa","753915642"
"GD5gbrpfykPQE8vLnFKdtg6QLAFWRivxADazfU8mFYUT","773512802"
"BMiEyMyEZdvtNERHgahkXDpHkBQenKPHQrgrt7pCMbw4","782825814"
"J9i1UhE93BxppQwkfeSPiFdP2BX6QDVbEjuKQG2v4srt","784397728"
"8pJGsFYUKqPE5MMD2ktf6RMDHr5WJPSTvf4mPPSwYA95","789571293"
"6e5ixJYaWsw9Zk5dpMKsaiQaiBN8K9tGQTnSf6Wb7A6M","790204211"
"Ecw8gUoaGEmMZjy4aQHWecRwd2H4wFhPPYuqzLANnA93","795268640"
"5RmKaR5Uiu3R5cf2fDFx4Waaqm19T2FM9W9GoZLvk2mA","797700781"
"4gAcUCyxE8HtDzh2VTN829EKEdeHeDc3K5hbHfCEVqFb","960986791"
"32LHrEJCiPPqpzgkocWSRxWiRTzZEpmsasYgX3J2rbvw","34766907654"
"ChiBtN3Ve3oZmah3TwgBM9nB127vBxoFZWAwX274SNDJ","802173647"
"FMNMeFAhEUTAMk9MHt4M7WHMfbHRUvAMNBqN91aUJU9P","810602489"
"F6BGRVGiPdPB1FPg6AeHvSj2WEUitJcJyt6tLKNSi9wY","818796907"
"HW9aN1JXcNNg6nYU6RkTmrJvUb9RTJetTFJx18Jvwxia","824700915"
"5w4HRhDntRQrqUsAzENPCkg8qY4B8drXD3sztqBzD4nK","824827550"
"6obAxvxz83oi6SSpUS9Y3BtvxfsHQJ61NiNtS6hEzASY","826972185"
"2u9BMpb899ZgkEqELqBELHtuEdb6y9FGbx7mTctEFrHN","828269948"
"9JipXtoAV7iHR4djmjeM6zDey8S6PQX5VJ57G85DWreo","1240922224"
"DFxe4BXxr3fDaBPt9wnByQ37yH9g4V64RCpbYC3dfg73","837092912"
"C1U9ARgYE72KK8rYaXcGcJYU1u8ukFZ2tPWR9EwXunNM","844949041"
"AySHegsqvuhzSm2ZFaEQFfM7dQUa9tGVVeTy6GJCzcu","848598825"
"9oYi7mGCnsEzjDPjuhkb7RHuqyLKvpTmsjnG4fkQRutg","862492845"
"G1zdstBenHnQjexdHwatatyiFffMGivikPA9TTfyEK3a","4338989143"
"FAwMiQwSGCZK5pLnshH5ySfiEbEB9sqwmLcmj6pDwvWY","867962167"
"CEG2NfJ5iHPWAF1W4LoMCwYgyPUV87vwdU4bNspSdjFo","868307280"
"3x5jh7kcVkzUvmQpiSajLiM7eFQwULiyfkr4r6C5PXrE","870128303"
"6QMk1DKctaKoobi2QgabiaKAYkdY5SioS5JMcfmazYyk","870502429"
"77vvttvFB4m4ACZttZgW7oDwewLEUmeqqLEnW3a9ceRf","350472269975"
"DZW5rmhNmLPUP8hW5ffJw8pq5cXFwwypaNvrNiUVjkEi","873272668"
"BC513zeY9UXWiiCQbdxSCGe6cpDZDKtVQEBnKezNtarw","884038073"
"3fMDHnbrjb2uQSwyRBLY5xxANg6yZ99Mf5jm2bhth28t","886333378"
"AntkiTe2jvFcjscRvdkxtRS8fPpbJ3Q1Dtr9rcz2qQ1b","888299544"
"6mVp9ptKmtTi7LPkh4KpraHTmkngCUf2p2qGekGKzFej","7888787634"
"FgS4iBVugeD1315g6YfSi8eRPTxopaFVC9nfQtUofwPq","901517117"
"Gav4kFkh6xanaVTZcVB7hoYg1SB8onXsk6yZDv5txLrz","902096320"
"GbhqSUE9M8aVmt739jwSNnpoGSeJMGBPgWoBMiTDmwwY","903862797"
"7XKS35ngTWx8PZ6KC4jNBHA4tyBa1DuJUtFMkpHwytxQ","905395846"
"nfpBqahe2ZYMyPh1QK5m4kFTuPBJBM8S1FBZxX5nNFp","236561038304"
"CWCGB8AYwQcLTAt3Nxa94DGvj8p8kszdqSB7VsQaCT1z","913603007"
"CEjdPxhBZfaBSJeooFo7jTPyb3m3SXcZewYzDLPTb57K","930347262"
"7eJ7qA2X49EmF2ELf3dcnb9ztX7cVRhe2W2xw82XBytb","934291369"
"Chfxx1C7jtZxE3CsJtJCuQ7XpBxXSVuVR3RkYoKeREgF","934789937"
"H2Ub2BxoePuA4sHFQDHuVm47WifWrK7NH7u3XZz3zDFc","936505770"
"C3gJNfTc4fZ1XuQ9rtd754Ks6NmF8z7GLAunSRqt6hzX","938195013"
"C1fAMR77gpR8BiuVQ2sfvtJTR25VuXNt2Xr57j3DtJPN","947047258"
"6UgeaNUthDFZ9R9p5Xj5yNXihWFFPAFCKK9wbZV9ptRt","948738881"
"GcGKKtuGpkWhzikw3vEaVCRLT9UUEHkPKU9jxG9PrP7u","949145238"
"7EoT5tw9Az3nqFKnUoAi66cNgcgpFT1cXQ1esKDb3D72","951771884"
"FYqSRZ9bnvxsTQs42Y3wuR9Yia1gCPKouF8Bqxa5UQA4","956928572"
"HxL8xSCQWCFFz1dmdX2BVPsFvccr8HxXzUToraVztWmN","956985728"
"ApjatXj4jn12dftQn6g8YkLeUtZADZa3wToovCL5qmL8","959152441"
"4rENL1sPNnCAXe1rLND6UYpy45WSsvgjN8qxBYnrJWJW","960071786"
"8rsRcCyAzuc2QJWafMT28SCuP8YrNGAQMEioCEp2LgB1","962184485"
"hkinejHPWJPGrRVBZ1o38M9eKj5c4NmEB6m9mkMNzKE","966331748"
"Dg8EHGqw7DxfVnidev2WbmRiLVdmFnukqGcnbGccyjaS","8999660701388"
"89v4gUVSSuNv8SyxFCNkJ2cPVx6bTTrESYHBg7SznY8u","973890298"
"BdM9HdVz7KPpd23hBw3xnanJdwrp9qk5nufFxaXnZw5E","4321917407"
"7P45T3FJNwNKjfa2LnD3yFerP1Tov4ycJdUCeJr4RskV","977217629"
"7zV7mKKihBcobobibYT4jYxF41ebTj8LD4vjhCdXFdqM","978092617"
"9Dj2r8eUhLxY6hq8BSSnkitHBWK2UqyanUmraYpztwf5","978532260"
"9ZMwMGJZwWhRz5dRGggWBkfsuFssbd1bXMZrQh8amnLV","978788366"
"XDZaJ1TCeCG7eGpikrYVoZ8zfczzFd8Uk4D742F2qKZ","979132568"
"2GaZPtksZ9GtHTQMkWGLkKFYag4nWrCWWNCTd7eiL2cy","980000000"
"DjWB8pqaT5XNDs3xJpkP5vw4CF3GU3tPFCCfhTN8wwbw","980422548"
"3yCDZczjvGTm7MJgSZyVgVM6Z9YFZvSKpTBUTyrEWEDv","983063149"
"2q4nh4HeReMubeiW7nVBmg9vEWb9nmxpBKUbQ7SRT7FH","983208628"
"FUwRgKQyytqUcTkMyyANKnn6LdV1XGJ5Gc5bUCUTGq2h","1736981733"
"DzvB37rFTnKmMKJ7qWxDCc7NMf4XCDahAfBvsn8YXQ77","1966896807"
"67mktzucU8aqmBpUPbzX7CTFnQG1uyJNuhFRS6JYSZdy","985292839"
"At8eN9s4zzJpgAKQGyGPFeMz8t41csBh3UPxD5PVnYnU","986518050"
"EWjkUFgyg4w6H7wf7dsyLaQMsVuivEqAp4cLXoGsWP9u","5601462559"
"5xp5NzT233wdzo1gDAkPdUcmUCCGoRBEsTSp6T68QXQT","988355288"
"CjNUYXY62vrN5iE7dgzCbcKE6U4JSDhvmkotdHcJqoJ3","988610817"
"7APHeUEzYssernfBbT1MGbYHg8q2CCcrzmonjXHzxgqq","988876003"
"5de9Qt5mDYrUM8c29guGpRrTfX1eUWarcXFDwtNye9Mp","988970930"
"8PuN17WF4rsUf37s2guNciG9Vwte2xdH6BgMoYQLSVS4","989101939"
"Baov7wNubVT6rPDEnzayqWNSRYwGUp6x2cSTGUMqRL3Y","989237734"
"31qpcntLuGB53UZAK6xSMf38ENhmp8GLntnGom4vjrdK","989390592"
"6LpQvYaD5ofZdvMuXhqj2MQFCMDyxpyv5DRtaqc1UQtZ","991011933"
"E2FDzRbZNqadowAGifZyx1xXfqo3UA4HWP7ojWabjrrJ","991309164"
"2FxaB3EmcbhvNAoaxKzFj69ZzkJRwBUSnGP63CUedjeP","991451409"
"AQubvMXtUNrpMvFRM5wap2ZGmKNn31Km3eS4vKo9rcyY","991614247"
"Bbx8ceLu9RBUjRKHvyjE4ZRqnokdSRHkE6UJ5v6vhXkb","991924020"
"BiHcUFCzZUebRUZQWPiZrZH9bE7fL4EaxnT4Yb97cgMo","991924020"
"GZY63uyziT3GPHfmngVBKCr9kh8KhfMBnKKWQvdCMxjX","992193473"
"fcw7BVUd4Via2kEgc6M4PFJfMpoYxzdwAq4jJ47qZe6","993018464"
"4NWydCNpjBAiXv4CrUTJZfybVNHi9iXgMachaFFBHLL6","993018464"
"HD9e1SumEsvTPCfhdi9Prznw1JqBtVdRVpqL7x9uwG77","993018464"
"FK8NrYCamnur6eE3P1UDr6r1YfYnSgoL18erbFVj1MNC","993018464"
"JDE7ZqmahTKo5GKxoAFBiUX2tFtapjUdt4482cmh4bhR","993335038"
"EXU7PWzbbdfDK4cZqjnhFHEtgdbpjC1iBjr6T2RNotfU","993335038"
"W4mSxiDuj2B4LoVkrDfsAA13fpZjzHbGrkef44vcYXS","993335038"
"2kd9pBHpZmFrMqp9ZVj6nDcavwYugQLiu17seAcSqnRM","993710689"
"7t7snggwUk8MjPMSsi2PMrtTg9eyAxe3pLVKVZMZJhAr","993710689"
"6pZiqTT81nKLxMvQay7P6TrRx9NdWG5zbakaZdQoWoUb","993827748"
"Fd9kcUjm1GYRb8ugrR6ZwkuUSpfeso9T2NNM1sH2LfCW","993964714"
"3PzFqEuwkDaNP4woRUj2eZWGf3rNeFCY3xs3Memz5WTc","994034590"
"iha6srpEfhy1pWToBc8iGBUabFN72ruL1m4rUxYeWDK","994153320"
"79Q5Cn2VhRUHLjPEoWM2QxbPHNn9nrs6K2mLJAHqAWgL","3959039539"
"5VDntmu37bbMnyLHUQEYje9facxiB6AeXxu9CY1p5pPQ","994300588"
"9UDB3os2ut2eV5U6uCSP8E1QX9TP7RzSYb5KNfR6n7tK","994300588"
"9b1yRkmFCkCAbVtUWMFs9LsttGy9CpV5pTrHqMZ3G2rW","994300588"
"FF1PCQyfxikn6EaXeq5RksuTSM9prMH9UExvhzG2ksNM","994300588"
"HqtaGpA11fLGW77LvSaristerUxEkzfoXwu46AWHCEbU","994300588"
"FCjndw6amqEayYEHFsJFfEZLLc7bm8zK9d421szSNPpX","994300588"
"hpnZ5ZaRHrZkQWXRkbY5DZTvWkh9Bn7yXBaYAG2hR6u","994373903"
"25ZbUnAsCtD7gNr1Qz4pvFFWEhB88F469BAFgW1zbi7q","996486173"
"WRnEU7NhQQEm17e2St7jkmki6CrjJfCJyuSHR2Hz57L","996820627"
"Ew1Htvsc6CdMs9Gsy4LNETqtugKVha2y4C9CnZM4YDV","996994716"
"52TJRhsizLDCzGVasK4XTc6PZUzw7sHTNZN2AnZXDmDD","997031005"
"87qagEi6zJdV1GBFchf8zHKp3XD8oEGXVXmztEqF8kbr","997129230"
"8KvXuMnmUgAkYw1kEZy4soKP9w3MWHcYZ2igi3xweBEW","1000000000"
"3utCLJ4Ao9JchtWDi2Xa3X27P8EzoVMvXeTghx7s2xSN","1000000000"
"J3x2Y44JCvVB6f6Sv3HoYL3nCbaYjJ3pTr6orMweBZNF","1000000000"
"vyNjXepML3DuNgtMikEJY5qpjxJjNNZaUiSrQDnBuHk","1000000000"
"62KqQEw96g8VMcaXa4vqL1dcYEAunrDaEeETWLo9x6Ff","1000000000"
"EJG2fessB9a4mrMx1ViiegfVHvAwdwgRYg7jjsByfYB5","1000000000"
"4pBzp4TrezWksSZbMtqCGpo8nBqzPY7MFYbm1TUrzSgJ","1000000000"
"9bFBkdpDL7f91sDfuhFUBDoEhtuKykny84esQur1JGUN","1000000000"
"7v19nBCouNuQs7wGnGxEwDLDjtSqp67jZbU3mo5sHFs","1000000000"
"9mmM1cvs5wxF65Lt5B8ZJU3ZwWuhA7S1yqPKUFJJuyZX","1000000000"
"F65FcLf8RtLFXooJpqvS45cn7JDUo6HfKDdND8Gjwd5P","3000000000"
"GmRC6EhKtBEcKM1bjCBzamWDy3qmP5z2Kc9tYjQuc2Pn","1000000000"
"6UP3BTmetptW36Ej8KS7NefawTj17KQAjwz1bwX7eSqB","2649176670"
"2TdpxTw3BX76tfBRQw5V4PVcQW9phXWPhdw8zfW4Jixj","1000000000"
"C4kuPmQASPBZJj2yJwxrFTS1XsdwCJpNLidgBhEMQvCM","1000000000"
"Gb4hXMaepSP9ad5ZEXSEnGTkcwqRaDNRbz5iUtECQEWX","1000000000"
"EfB2s5yykSG73kyfV45uYhMih96GcEXbVTYeqZZcfGxr","1000000000"
"9AvGe8V45ufxcPKaZLBiC1wBVMSfowgppjxmpDFgWNRy","1000000000"
"FscAoSndeVQWACNJLRMDFLR4mvt4eZamcQAzWykbZP6E","1000005039"
"CDCGhMbrzMohdYgrrd9cVSXLUQGp2DCNAtXocxjSvQBE","1000019450"
"D53g2XSmRMjcA8fDiFZKjFvQWk2AmkRjpbYf9aFrKjVT","1000059969"
"Czy9DzzpcZrW1JRt24GftXVeBYAP7mM4mVx6cpFXMK1p","1000390539"
"7uQN7LK9dHbjTozhAQwnJ9vkcmofydJbDbcisdDwwZwQ","1000789806"
"DLZW74fUxbmM9jGgBbJ2Zr9py3nWbVAzQRqU311DHwKv","1000866297"
"5Mi5E4d5FRDgsSSBA7ngVTx6ju5CbgN7SCDg1LVsswEQ","1001101100"
"4gBW4iGRhBpwhu28aRez5xyyT5LeoKD6GppoohcGiZjK","1001386195"
"Bf3wTJTgKAA2iFsZmkkZ8iqsVC9dnHJZ34Vp6FCJwwgq","1001425214"
"7eSCcUSRZxNtb2XHhDkzLeNc4mGbdy1VMp3WXuU3iyRR","1001843260"
"2kRq5KtVkREYYCNebtqHzLRJfTpUcBihh9TPFdCTREWm","1002263646"
"HtVJAoYMHQXWsTRnA38UmusdTkh7nmZ5UgAigCBzJrFj","1002355790"
"HcYfcqRtvDZezZZ9iV1G3aQxgEZxsNm8tJR8hdwsEZet","1002519281"
"CjEXHEHdioS8yguc1T7vcGfstyyVVe6Xc4Tc1ae6E1nm","1003268388"
"Aysy1zGmpLoD3uPRUDR7BYJYrp9NtjwH8mbnp8YSeEqN","1003270246"
"CAe2nSexkWkiTDfbEoQJjpJDpob9uo4oQe3ATkqEVQ8f","1003328491"
"FWKZhJVsuuMqytWkqELh8VUsPhwtTCNwvvMR9dXveyvP","1004243594"
"E1X78bzMBJQW8zQzLJACN9L7K9adRDuDyLgNWtrDkNcg","1004504778"
"BfsEEGPji8qQMRSUYtejHqKzQPrLZ5e9HXQbkoQdrQWW","1007790960"
"4c6Scmh1paCPomnn76A2j8qSekqpYXCngMxpixgcEsL1","1008334174"
"CyJbnd8k7yYynnZjChbbqqz6pHCLZWSeFmg6BTL73K55","1008586402"
"9zMgyVGWir5ZDcczdmxVFTCXmr4ivxCU2rhsTxj6PuHY","1009318344"
"7QLRLa1Stn2FZTycss7aPhtx8zpq7oju3vyEqa2JYPeX","1011006522"
"7BHCFpS9Mbqk7KEWoQVgKdENwoZ14ZDRW4Wwy6UHpP2W","1012802152"
"3irD7Afsjx5eGZPrduKETHUynET1NoDKpnUYKq9b5XHF","1012878833"
"DVs6gvdcntFEh1rbn9ZimKBYss4E1QA14bNVdyj1Zzfz","1014036386"
"4qaMoXYCNQcM2YfQjmiHeVdoQcQnwyhedHw5FHjXgEX8","1014165321"
"C6cfkKXLEhn5gxKqUVp8K3vPtpfGsrbKrfLdXbsYAMUW","1014181758"
"FTDLL1t1qhYD1Uoxf83E9XV85cqNTLv2QxFDCwmMe2cg","1014186600"
"7FfB2zQRYUQwpPzkRxAeg2mCBGeCRKp4PCEeULJA9xTo","1019274645"
"Dp2RZuCwcr2HvqB4uqA9fGw48aMq9rvbLcGZwBZ2ATH","1022811039"
"7qyvm2fQQFQWk83KabiGukkqf9r7E3CKRgmEkuT4nwFj","1024148483"
"5VGk12NnoMnUnb6bkHZ2nyMernkAJbmnLUrVmKwo9w44","1027432177"
"4fCQt3LeFixFsv5dmYkeJxqD2SSdRmDng38kGPm5jHK2","1028037740"
"mods1kHySGzhKBVcAdsiFpc4am8dKH9nY53KZYxWjns","1028609034"
"As9uB1y2qkE9CTZei9Ny89gJY9UmC6kgGKUN6nSqYg47","1028758691"
"AXtedM2wwJED2S2ZvXrRWShm4A9T66abXLdHJ9toVmm1","1029418154"
"H91YDdH5ozKzs5ChBrTVotWCUTzXyMevgoeBWcpcE4SX","1029601177"
"2QsEZnXBt8Y19aZGdA8Fc5y8ytCEMgoZGDZFFy7gQgMR","1030302939"
"BpsLj9QvMsTiqvbTzVM6fmt7W19EvVPu9pLZzrastZBM","1031580816"
"HW9Ur3wTkqvDRN1swmL1iWFK2txhn8z5A58Nc42MSwR9","1032107787"
"353ps4cMbE7mg6x3y59ZsS9jjoZB2aQcqkYo81fh5rHr","1033790256"
"GSfxXbqNtP3wjnc3UqqRZpVq3kDyTHQs6kXzgr9g4QE3","1034097015"
"9MmThHXvf87gRmV58goZrw5KxjFeKz1tFCDM1NtuuWo4","1036770922"
"52BjVq1hXswfEnEXT7VifSLghx78mGhUnebBrnaZcuNZ","1039137381"
"HeN41fHGxFVeziADVjzoZFLu2S7YgKTpWwPSA7uSWrmv","1039478184"
"WnJx2CKPEJSVarmV4zkeK8at8XabVG96U9LD6j5wwHn","1041469946"
"B2LCGaFBG4qdoN2p69aWsjcxehVq6pDnqWcD4sTzuwcJ","1042223015"
"9MS7Bt7SkiVNERCLiZEEfDbGj1VcrFnhRaiFpxYKjS2o","1043106144"
"2eefTfjhuoeRBYiSmnE1SK7ZisoqAAYzQzExLK6HKnJd","1043438972"
"6xPnRKYKVvtkcDG7wuw9EYggGxbqtw8uDXPixNjbQppW","1043860986"
"7R1shxkDCXNGfwiTHL2Aggoi4uiLBrvHjBZqHdGgsS7n","1043860986"
"8csqZZoiZ5EWYFpdozkuN9KKWr3VZ54LyLW8pMtVaWzP","1043860986"
"BLBmANECXKdy2w96To35MTC9T54VUrn4tM8KeSMUzqzS","1043860986"
"Ae7iqvr8DXiLKCcFGudSRetXkkyCb4FGarsZZeQonTZv","1044015618"
"AaoWXf7Ht3VpvmW9QZ4GkQzPLFRxeycdsS4UCLVcNCof","1045089461"
"EyczGTYV931AP24pLc69KxgtGyqexB1zqE3V9bRK2HPA","1046070426"
"9HQLjsNeG5ZTjUjf3xggDxHJRsff1j2kfxkBqeEUGKMe","1047483216"
"FGGg7VA3akTS6cdznTJZ8PNc3SrLrUoV8rJTJSUUNU2H","1048026435"
"2zbmsmH6DjNceZ8NuEreURHYtNn5mW79PxeGJNhveHjL","1055997970"
"86HnDFpLSBiRk4ciTxpKSQb4is5HVHFsqzhL1ScYYdLe","1060760790"
"AXrsfQu1UfVvhMTttCeiVZPBWU2kaYqqMAtXHXkX2WV6","1060898613"
"4sKHiCbFSbFhnw3FbsJ5wtRCojHQk4XuU98Hi1ZKwBAE","1065439494"
"AJAqVPPzWGYd4N3Vijmo8j6sriU7F2cG8mnqNZXjvHWr","1068449459"
"HLDgPtVv2Yyzzze462P89igFnyLxaCM3f9hVFmCuAX97","1069560783"
"21om2wCyRjgZf2yF1HGpg6i5XRis9rEqAQWsLqi7a3A8","1074256300"
"HaR47X5cvKxUewaKxfZSXTNq4d532vEw8SdyH9MsSLHn","1076008665"
"7DGbqhApJp6va8GK9ZJq5q7BGJeYTvrzoaBoMXxVHH3a","1076759848"
"5wbK74NYzh8ihysRxDnx3tijKaSS19jo9hVniGwAs4aJ","1076814908"
"8XnsxkWTnHTAGoB15yjdwEE9pYNVbE5nQGkmGi3tXngx","1076842731"
"A3H3MrNqAM1t8SBM4UmmQL4b7T8goFBDvEQTQhpJxAVp","1077996617"
"J7mNkCpPEKbAaqtDCLf14gtYs8XvqXSw3TT9iLJi6p5X","1080007351"
"4dD59pne6gAeWoLMBN1wt3QufyZyYuJotekMSpqb5CKd","1080995310"
"711U3xyBAtnXE4uh1YphNia6FUDzjqEzbZrtVwtkLAMC","1081007137"
"BX9ExuwXK1GUsV6DorKso8yFUuVeTsuzBYBVmNmZDo7D","1081910384"
"69FjgDNbpBogicEyHRB1DZUwCQhZ5UQP3aU8Gw5pu16o","1085170755"
"Fy74vJD2ropFYSF4TEC6cnyxidfxjiE4GsfqagTmX7uM","1085169855"
"3qVoNsYKwAgfzM9NSXvGbitvJDpJzC1M3P4N9qMt5kHz","1085660528"
"7xatMwoDkZ8AWJ7GTrYaQt6JaRXgjmBn4XvKDsvAT9Eu","1088380037"
"8uYfF5VoW6hT91HY3xMLs8bfCz8pCz2jv5bVkcgaGEC5","1089621228"
"J6TVKpnPLu3ByxvicQGf29WwhcJ4hXeTHqgWTb2DXEQH","1090471971"
"35tKUQEfUJH91bqrAixGTc3a6eMLawMYMumFZxwtdKYR","1090795125"
"Eef2B9tfXAowGsVP75cRdp97BSZsedaMnYfb1oBgKHUF","1090920530"
"6vyjvmYr3wF8NqYw2avUBh69LF1TSLNKxLjV3XXQwUbp","1092015122"
"4a1QEdip4kzq4Fr2dckWte7Q8qEtkDiuZSuQMN7UXEoS","1092320310"
"5P4PqCedtAfhhaEofsPYjuG8FMbVKgAwUagLKqU9Mcbs","1092668542"
"C98xxhUuzsaVtPyyGbYnCJnheC3go4xC6SS6GQBZHdUs","1093568652"
"DjcpyG15oy66q7cU6aNige54PxLLEfGZvRsAADjbF7D4","1093730647"
"9TqUsGdT1AbEpYT8XBRSq4CnT8mekKdJ8KsyFtgYYkSh","1095530170"
"9QVLBtzTS84NLMZGBJbLH6WfPFKooNj8ADw6Ys8nA2wT","1095882690"
"DhtpgXGL9kVrakSMS1Cs1Bzc15dYZXvahFhby9x527mW","1099087276"
"9huBGfgFocSCUtdMLVYN3SWthbUhPK7B4a3Q1W7JyBPu","1099094204"
"HfdLCGs4o1Uz6BvjE6CrHEJazxdmdGC7bUMCt3TKkWYa","1099408711"
"GEdqbjxrS3aaZ2hx8gUzxFSCJjXe8scbbHKdMUghQ9d","1099743743"
"A5fydAfGQXCxbQWWCkqvsF84YVnWzN9bbSeW5fFjhr6c","1100839081"
"4YaSEokC5KnEnzrpVpsid61pjwmwhkTHh3cEt56oKYP2","1101595941"
"6HhYTs9VswWy3biEsrbexe53W4HG3kE8UsG2r2v8jXmd","1101642175"
"EcZBhmmTnNV7rPxHaRYKbtSAAvVweY2X4p6XkZBm8zzF","1102250495"
"ANa3jwr6Ux4n1cbJmz4NcZYa6PsnVUy8ZaVBg4SazCrZ","1103513811"
"24iDouXTrkYr2B1NmBob8zvzCFRrtr3qVSuFRTGTWpXz","1104113263"
"xMPqNf2sqK6VAE2kkhq1BfED8zuKDimuPSJB4RTfNCj","1111509543"
"92dX3k1iexia7XrqtJaFHYuhW9UQXhgyHaBiRqGhKEM1","1113830212"
"EHhNkJ1eyxbGnJ8PpP1Uk4A7BRwuU9q4SZ1NUR2w94ce","1118628910"
"8pFN1nu3ejuJgm2zKmGWnA27e6KpBo4Hsc4gtduhqewe","1119631909"
"9jFnfUJMgmv686JogbUwA89J2DZnRkLD6DeTFDRxUQ1g","1121409972"
"BxNUfFAi5mEAQYaQAAS2R4SunPHGv5Wq2WZCBCgxcgWm","1121905689"
"Ddr5P4CZJvndP5cy5HtK2QRVYWgvb6Y7PZPnhfJatJSX","1122209832"
"7gi5RoEegxU7hTv1yLK7UcCL4RXt6jFPCDST4TinGSx4","1129984804"
"EMJvTaTACgAabGgBVMDjHAEh7U52FDjSiJFLEHS4hEdv","1132162292"
"GjPsHLE9GPxPj62jb4h8GAu18GbQfBaXuV8imhXhX21W","1134942010"
"63sPw3d8o9RZbKQ5mSNzLE4BgSyAF4LUh3T5rZKJYU87","1139713779"
"9no5BGG27S7snrrVaBxj9uBmB4AVBotjDTNWX7Sw6AJD","1139719506"
"95T3NSB5ki3Cqy7Ru6tSSvxBLGx7KWYh3XsWgqv3hgsa","1142106097"
"7XXv9sbmne46RE33Mdbhcbtfa8ooLAmD4MDqNYSSmRYA","2867732139850"
"7ALue5qBqRZjpMgYqJiBZaUvCLcxtJdvVVn3dVcJp5QH","1160000000"
"5DtXiTkABcpPAYGWJt72rYqJ19zXMPEv6nd1zvyek6B8","1162476560"
"8QwKjDHVzLS62NV6iLo3UidSsSCEYehSSKEmweFMQLak","1180253208"
"G2kTp1jtkx38BSq29BQTQPPrtC4ixaCyQposCjk6pYhY","1180265874"
"54Tpeh2yhtUvLuCR73SSVJ6xdAsfV5AbCRBEu9QCcS2f","1180547869"
"DbuazECmtSGKDNgh2QciFmNoxPUMPSkEEnb6GGwP37ii","1181647723"
"4Jyo3MJ8GGCts6fZQrpRxc22rGkCA7Q2zCq7wXxS1uy7","1183821660"
"7mWqicTJ1BoYkmBt2Dy3rHKMbn1WannQWHsHYA95wcXj","1183821660"
"3sdRv9iiB5poZyFvcE6FCSoUY4wxkmyQm5WbHYyTscuu","1183821660"
"AkF4RunFwuBRTsut4Q38QEFBrpJy95JsGz9CPTLHkeze","1188484460"
"AUkHTy8axdHyVBswcS8XXjVaPFq1B64hZWMfbwKoYN47","1189710971"
"Ae4v5DYW5uGLV5BQUsmyHtaCqCe5UAmU5Rx6JFVHM7aj","1190308824"
"2gLAprD3LUJrSGdcXv88Nvi1ZfHRqpaL7c84SV7M4XWs","1192757656"
"DSoYQQjRXC2Zorse5fkPc8Vk5WweYXV7GAiVsUV68n9b","1193160706"
"J2cZ8Rb3kfrUBj2vQitjFZeqTjUX2Wcr5mWAuXy39KBF","1193160706"
"BwLHqP9cNnFM5UGWsq9H8s2FEBW3z2MuRftuuXRJkMCo","1193352165"
"4wYF6nJqUa8DsAMpm4b9kJLXsyKNsYwjxWfAKQSYq3cp","1195887097"
"9VwpJbftaR3ewiRBtYAFuW27CeKE3Pa92Ar1EMuJMH1","1195924125"
"9VTG8yZmksopGqnyrXUcXA3wZN4HCHhx8oYsnDPqRJNh","1196355896"
"bENetTnQMom3fWvB3Ya7dtQaQauSkoFtKz4rhB9FCZ4","1197356434"
"ScSVpz36SgFGWrkfSahadR2Aim9hvnLzaDYXS7unZ7W","2410410928"
"DeU7siJ4rLepN1fiufigRuw4o6M3jNXehTYTS7Bwp8Fa","1200000001"
"EQgWc3NWyWKnhkfyEropMeMx1Ej5So4NZXrpMnKEDbhi","1203552021"
"7263AfSfvQocKTbdYmFe2w5pY4nmkfoqoA8wz21WDtH7","1204953618"
"GvE8BSUAMffLsP4EHXbZumKbw5NPqM1BGqdXqoprTqEL","1210290260"
"7AMxYAKbE3TQkV6eVZCFm2c2s2oKexGdYmSPCTTJycR8","1210549430"
"FgKcvsoMu6y6maSnRyubT9CUjoXJquPXTB7uLJ2wQ52D","1212766529"
"4tWaF858ZtEDfThhoHf1okuu7oEZeShuUmgs1vDkzQoF","1219653517"
"8cA5oEpaALUG9KUVnuUuJkSSzLdZ1kfcaifnBSVduyiw","1224916948"
"H7rbNQUaDRkCdykXyJg7f29SvoWAySd2VgqadGZb3G3r","1239189123"
"EvfwznTfcBDTgxbcLHSXdBfNC7qb4SkjFSoxJKgCCDTp","1240370099"
"BfxrCs1Cq9DoezHMGC8fwepYu6Rci86fgx5ZQpAUp4d6","1240774962"
"8A4geJHk8FueUV1nXTGo5QLzR29yGnjCi3KNiNEtuxKS","1241190337"
"9qujPqxpfF41in18WSPquH18RuhEwnMB3jCpyAciqTFL","1244645102"
"4EhrcQWAovnWAHdZB9c4rJma2RD8XBpj26U69W5veU5w","1246373686"
"27DtgdXgPm7Yz7DPPHfnLMgZ5QXGKRnCr5Tn6GLt5a2r","1251328292"
"DwGYXjFaWDfbu3GHZ8oKBafMxuuW3bUrrRmDvPLvxcfD","1253021655"
"CD8SpYTg91n6HuanrGzV7U7HSUzrDiikuL3CMitASBcs","1254764820"
"B8kBoteq2wXw7ua4aUcHdXsNnGzTduyciFaTpYL3mZeA","1257563733"
"AVxRdUrsSLxYUqn6N2FacdXW5xUQAiy3HxmQoxD7qN9B","1258543260"
"HhKaD6phmJMnYgjV9NovaMqLUAb9V3AVWjBtAQtxKCbn","1262379801"
"A5b1cTWRketeqRmsXsk1r1Qqq6Gh33Vd9mhpBsX8FkTj","1275485093"
"FDpBkG491vqBu6w8R4swr89Ua4PpigqqW2cKEpynnefu","1298993435"
"FVgfFcwScQrT5QsdmnptJUCNWXeNZy7dGaw2UoPx3V9p","1302203826"
"Gjie8HVceJdgZJLZoxCVZc5tNYzgWV2x6yjbyMyGMqQ9","542739755460"
"9khospmpKwEjFTSqu5HZF19XqgV3c5XJcFRVuukSayeE","1314178948"
"EPso8eTbgULJH4VHAFM67QUcYWjmbzbeTt9nYVL9HkVM","1314364311"
"2Kegv1oTGNyiKEQJpSYSypGx1cFK9tiY38QPnKZ87iN5","1325558678"
"6QvvZKGEHxyTKgkHQpfpJXPAgWUAzefXVHYPBFrJGPYP","1327517587"
"3XbhNmibnU9u9fRR8tCRchYNdmeA2NdZt8zFtUrCWatG","1349598706"
"FA18oPDCH4BTm4nLSqzd9huwCtNCDGCzxiLmFhAmKCA6","1351792011"
"BVhBezR9Rsr6DAWk6ugx36Z9LbDWrjyikKG8jzwyeDi6","1364916443"
"Am9ajo1cpZzMBr85rFohh1BQaLUM5vpUstqzScZNoEPP","1370000000"
"Cfke4tLbVofigj6LnQVUi92x7wHP7pvKER1BzZHPh9uE","1381125270"
"7JKr1B6aaTYym5CGCoMvgL3jKbCFySQZsLZsEGwM9u4t","1382374924"
"DRF4ZHQs99HtTKAQxoYJ4ovRi2G98xEytEUS2LvyapNE","1391528365"
"UQcGqRMnfnqzEVhciiDT2PKUthvzxAei7AFJUfKxKyr","1392383090"
"6w8azjoziAwEzLKFWRSZ6579rNVyy29QsDtqGDFV9j1D","1392782326"
"9WSUdQSrx8zQ9p3hFJ3oeaZaD3FVK6wabuvDKzGvTpN5","1405244634"
"HhBxbTsq7ontkVaFvPoYbk2gTHQZZ175HzHdyU8jGi5t","1406934054"
"63chN578Jgp71Y5y8PbcrMnoDfbe1mxFQNJAcHrQPEqB","1419278073"
"EM9neS6tcH21o9Sqs5nTmd9AyuEMSv2fw3RRUv5wTa7W","1424654555"
"ASNsejndZQmh3p5taTGEQajzD9Bed9Skx68ETQC4mucC","25160754522335"
"FsSigi7AjKtFmWA4iJMfEqaSNr4h5h6JiiBoSWNJonHx","1428630014"
"Bx7oCk6nzAxynNNUYuekFDSQFhnXGCBw31CpH6GVz2GJ","1429269837"
"F8oLhbo9eQPVCfkCSo39T1Tq7bBvfVEoQs56P1JvY3xA","1439029736"
"7fGJsFBeAeaPxyJ9SWrTF8QQXvXtueeCiQWZ6Pfv5gSe","1455225920"
"6dttSwmEfk19wM987nbQrBafrwwtvHvadWimM975fsFs","1462310185"
"6QuBs1CazF6PpAyL4dXvwNVu6nwzwmfkv1Z2S1P9YwgP","1465195864"
"3RYbSvLWaxenCGRgs7afEqKNvnHiJsFo3fG6tfnzFPre","1472885770"
"EVMdokk45nbc4xiJDbn1J34azkw7oNtqTjkEfZVTqtq1","1475633499"
"FfqDNyFWVp9HYoRn95YbsjiZcJ26bqkEMxcjhV59V1XH","1477276855"
"5t1o9Ud1FRteNhh4w7vP1Xcwyd3cbwfMVumoMrGSDLbG","1480346554"
"3oG6BM7EmTQp86vPQGWZNo6qwsLs8rK3CoovCS1tXCDP","1480446175"
"HcA5Dh4HLdq8erJ8Arq1JTcbw7PRDR4avyGvmDwET61A","1481138653"
"J111rX2AMEvVERuGGqeBmVyHmUFEDvFXgJcnueH5UbFC","1486908416"
"FgrdDmJG5Q7vYeJe4fppf4qybcXcMAAvq1NLjc9QXCsk","1487886030"
"9MNVJFqqTeUE2iFPdDtsvuJUU5uCGiFaxHAzjDj37uZT","1490947070"
"2NTMJEMytBkQgEc9VQNX9Sv9ss2qZjUJkAJe89J9qxMq","1492559970"
"H6UaXTZvQiagaet4sxRsiHBjZy3vy56aV8ZC83FpWP4","3003294261"
"G7H2SvVBDRu3Lq1vsqJjzMhsNzzxt84Q8Bk62sBNhzA7","1500000000"
"8WstStpKYbMNtUwp8nyL27GtdsxTkok8X1TM4iZYYVm7","1500599804"
"2g1q8e5wq2hYjtpNYUtAZaR9VrQMvuvACwxAPqM33iRo","1501059297"
"E29b1ktZC8mAQa51k43bWFgcoYUGoYfjGq1kpfEwV7io","1521051983"
"2kqKrt34tcniE1j32JZESnbiCXmyG8DqgM1rjxpGwVea","1531198413"
"CAzNPBVqd45ciAPFYyfCHmE6GjFJhQVoU1vW16HNYUN2","1535708761"
"EFP5VXZ2kaKX8BkGpLfv6RU7274m7HJi8sBJpumyqVft","1561563347"
"EZdmgF37qkAvHnecFDFUWwDRijyGQ1n8XYpRKTSKBTN9","1569625916"
"AM1dtTiPpiaaNBP2KVACKZXBCpVb8u2b9okEP8JChnX","1571857156"
"AxDBErvCHaxFd5PbnCtrAa7uNxtBdKN6zysCTmYkZCBp","3076321302"
"Br3P85TGSytYwoXtNUPPhzJvUj69UesoDVrzDMy3q8j8","1596171242"
"2L8WDXjWQqQnba8rcMVB9LuGjQnK3jSQKgeue7KX4Xzg","1608454654"
"ENqBP1SKwWrQ7RTTTUcUrqpjRmc1Z8J31u2UnPFQYvH2","1633990061"
"8LHmxBq63P3fGMFYFKoRL1R1Wx7HWjmoueucLoHfj81q","1640170710"
"AMpDEnUDxkT8B4TBxwAvTHifrStDiErrsPfGLvsNphc1","1695272152"
"F9MXPSteP1rnNFa4avmQVPF9rcUHwDCh5KCYxX97m7FM","1715247797"
"MUp1jLF1JfxDcaxEt7nreYwUk2QD5TcdwyN4SGy6f7n","1731193027"
"9Y1nfg1kfYFtLkt7t7ZxmQ89WDJ3AY4vACFVnBH1v1vi","1734265804"
"EHrxxtLtfvFXLGwqhiqLCGykrnaY4mtK9n485CriYwe6","1746062010"
"cDbPuzyr52z7VVMQ9BvZHDZ9Rn3DeJC3bXnVvM4q9SJ","1749231056"
"CuQRzwJFaRhzkp8CSLBCgWgeErSoJCKFNgWwE2T1Vi21","1760100164"
"HUTXit9WwTz1X3DTgccHt27LJmi43TF17Tb3ZNM2amZ1","1769224868"
"2JUSkfvW7NjeSxDdaUxF7FVcSRRyMup8NBdZBF9r8ECz","1780691259"
"867rVVzSEUz6YuTBPYzkWRtB2rG5UHtLnbcLkkJmRr5F","1785291488"
"E8k5GaajsDozbKagP1RZFgYu4rsGaibjuLUQD5dEabES","1785948251"
"HDTCJVUaJssaYWFoLHhvCqmpvHoShNaYC1qUk8bDiTMu","1832079635"
"4mH75fm4SZyy8Wn8tjMg1XTBLDrn8is7iiESGzVqqS2H","1843887092"
"48pLEGHEx4DX6RfqkrydNj8RugSjvp6C7TL3X4mYyZCF","1846299392"
"DXKcupH3fkfdfyoPC245pRwJnGKecJ1wdpwrmFEmrqzE","1847553081"
"39yPbK3kAJvtjAZtr3zHsEbgwGYURLEUaZuZ5A71Gz5d","1851470241"
"ASTuW2uf5U4b17ADFsKkym7ijVdPAQzoTFaMomHXcrjM","1852686504"
"BCXW2UgR7xXALJKAdE6Cj6mvz3YgNnC41rkK8SUzhkEU","1862104961"
"FdXLzWchLYjTPRaWGjEqa69HnAfq7mSrTa2CizKYUXNs","1864067695"
"AJuD76pBTNwCvD1wE9vBM8qwqKUHbj8BsUXzwWtuJ2We","1866866718"
"GTMpCgjK6vJhNxXdPjesaCNtCcQ8vJ8SW9CUfTfaERCT","1868137522"
"DrVWnn1zZQiHf1sfSMoqyTm2ZrDXTzc9xqTY89PN2Q2k","2347544449"
"JAVKBcZHjZzo9U5efVPHthAQHSQ54aFeQW6Y7t9vHDmG","1880792111"
"Bt4yprLscjc5kAQ5qyMpdp2fENjAuqFDx7PwtTTkJsv3","1881953942"
"BDjUVG1SDvfh6ex43G7UPpMu477TNpm9pbHtXzmDaHEM","1888143949"
"BuYdkCr6EzfCi3kU91k5HFEpFVrNLnmPenQZyCGZjqYZ","1902833166"
"9PzBYATt5coVHeYFk37fbWYPPXfUpExqVus2q5ZkCVbZ","1915023256"
"FcAbtGbsVrh6prp7MFkQStEr3Pkhs33XikkUQTSJtmaP","1915605892"
"FRMKZ6m54LsLXxCGVmbZ1VAfPE5uq2Xjq4wefwrzBrPT","1942328249"
"FceqDiyvfkxHtTN1QSKUDLJ6iY7VQHKbkARwcbUavq4W","1946990975"
"H8uFruaWoyeAE51j4Uo9mm8wBBtLnNwqYcNBmKKH5AtC","1957064520"
"3efM9MMF4zM85juv96uwsLbUSbsJ1w5v5XYvbu7UcrY9","1963955474"
"Dfc8UPuSpYtPaMLc7UjcUdMXkfW3X1yojDLzp26WVzWH","1973036100"
"FK23eZbAY4bzK4aSE6yzp7jahewa5FQ1nzcCeuAx2P4U","1973928234"
"6qwy1JNt4Veahi1PM1sCTbb4NcfJJ9rkSYu5PPo6aEkT","1974693900"
"6cGebQAGShiBGt42QVvQ7iQycqmkbzSm4wNyFUVp4nZR","1974851538"
"AmbC2ixskGHYL91pA6woRSQTFzudV6p7w5b9QXqruj8K","1979096287"
"4bfjRfskkSWcCaEnFDbtrEt9nSUMewHwVG3WssGohfjY","1981953836"
"GqA5V287sBXdnGJbswo4jrGn5MtejuXvZyXFtABEW2yS","1982825835"
"D6fvYqEJNsu1EKSRSsckYE1HHAgBpwvJhJs8TQ1X1gF6","1984028959"
"9brwCR5BikJaFAJ2HF5cPBaSSW1MHX7J3afQpVeG23FL","1984271680"
"67Sx4rr8SMKhExYyevQCKbhL3HueUYkMUS4s5nqNzErQ","1986785983"
"9oUEqz1KzE8Ux9CQQB1bd777aBq4a49BaReBRtCQvuCk","1998467307"
"CnHbEB77NL4fuPeedoRkwUCFJPQ4Xkv6PRXmkvrpCcYn","1999808941"
"7mFUcfRYaZEZCYQxNS6voAny78driHz2oDUPPyGbmnkt","8158456816"
"4HVywcpsq6RAdpUjnvp8FAQjHNncZzQhKQ8FPtE8AiSt","2000000000"
"C4LcjMDzZ7DEedVk6998P2p5DcbfE1Wt8eiuBdcyw6Ea","2000000000"
"3PaXGhty44YzmDDCDHKe5UJksAX2U9tb2Y6FzQyihxNp","2003248315"
"EkxnRcwFNokEJrMf6Y3DGJ8hjJtjdZRGQDZSdgbNKHU5","2007481277"
"NHmMVEGbDspanjSxUSQDzoT3DsFeKQV3sWAMuYKoJio","2008741888"
"JDigzj7awgDbZewd1PYeCUyxGmsvrxPrwnk1uWJ7cJw","2016649622"
"7SfaEcXceRXkNxJfTdWrEXmcvgtYhrJra5RHk1Lm57wJ","2021841407"
"AqdW64oUBHzALuHkKZXcAYPewfumwBZikL6xEe83ca4i","2022198341"
"E1348BKvb95H5ewVP5th6hfMA6TzJcMaMTWVkyJbWYMW","2025113873"
"89bXq5uSVv9mf1u6DnPXKu1uX5t6oCLRghubMxmxg5bd","2028651505"
"56kg6ybUsJbxt81eFebE95gsQ4Adej6uVF3KdMM4TU1y","2032863754"
"NGK6oCLjTX4Qdt3XTLe76E7j5JLMgn4XCRn9oocpcKc","2034885884"
"9WeY829BCdzrmHAHYyc9RFTetMLgaVYdzeD3BVwi3xQk","2567103983"
"FrU3fqZtuAuNy8bxNX5wid3b1Zs2uWYYmdxgmV14Y2as","2045021373"
"2fE9YPjnSHW3fr23r3WjTwNcvjXkpHZUC1Rxztywk487","2045373703"
"BBTPt29L5To8ptKX7VuNn5TL1SXC5T4MX7tB9qJeybct","671509235769"
"7agKsC1zfn6o84FC3wpbVYbLA4X1r6P3tmrbAvVqydgP","2079091364"
"FVxmB4F1QuFAaeaQW6XzPtUnnrrtfizs5qgrMingf3LK","2091395212"
"3eqSpzTp6DgPCPcmVUfRv6u6ADysEaKyaWVVQKYQ4uzh","4165643102"
"FyPmHf7is1EEYdjBDuTFX1FFsvTrANx5xeo1ywrdsoKJ","2111711560"
"pWgNgdDknMFiJkdAePkXkDSNNUJYvvzm9jbxCecDMQG","2121215395"
"4SnFrf3wxur9fPzRQBDewZ1kYDFRiVhesEwiSTQJGuGs","2129593643"
"GfLFp5YY2YbwWYVochjbQhioRKAVNb4bawQkB4ZW8QCA","2145639196"
"5iSX42NwkhLgYYRu61nFsWmzEZcPkVGiTSAiqbANjaHB","2148095212"
"HTtGYxSSq4mgdCRkv9CNfhvr5asidhEMD9zqyVccMXaq","2153097852"
"4CrzVz2dymVQ7vrkvFaN8XZyYngudT7NaG9QucAB9zgv","2182653528"
"DMA5yqvfQPxCSojQYawxFdBgztdEv5aiRi6cjfDfjzzJ","2973599498"
"CrDcG3QVdaTPopGQ2ewM6VyW4vZMN3rUHhBtx7gwnRDt","3320749610"
"BokXikgPNBruVRi1f2JFSavFFj8kafSAcYHBsLY1ZXnu","2269802874"
"AjYFwApxKXgRk72NoSkFdGm91oCbemaPczBMea5nZu7A","2280716230"
"Fhxx5GUffXBNyvCDzrRhsqSCrhg2mDf3ENbgBcMzSxoa","2281722919"
"HuLWkjwssjFWqS2gu1uPRaZiM17kHcBdN4BDsFB7mqdP","2284168767"
"8P6bCyJJjpwVbJsuCzKQDPQ5vMdXvTiikuCWfLrJZ7pz","2297662459"
"FAtXphVJtKQ3K8wQKNteJCZuvYEadLfehTf3yC1QUcNk","2302956896"
"CswV8CXtKyoFRRGwGhthnLV5fFu5oYCevakFEycstsSu","2303430164"
"H8avLeidfpcnYKtcykCcwyUPeDR8yAVDyr2d4sUk4Jqs","2304594697"
"HA6hKxZqykk33oyu6aLJbCbPE68mCPAoh5eb2BEPNkGM","2310840920"
"8TZSbW38wZcscXMqAfxVUyQegGLc1n69wqTUw2wdTSJP","2345487534"
"4zrFnBMWUnXVC4gCTKvbCkXVdM4gJMU3pFgZheHmrfZb","2368817489"
"tZmgfc9QWZCoGg1m5UVKMVv4qwyDvLTcFgtxxL1ST3d","2379345480"
"7FccRhBjz96eUpD8wFyFkRhkfZhoinDfbVPK1DP9CZjK","2383175472"
"33oNuHje5TDdKJvbqkaaGBqF1hon3RpdonxmpjDAYYnE","2396734355"
"FTrPCNDvStT54V6Nw1aTAGd7NV2aTskaQbsMDGnVGyLe","2421609261"
"8hQNzq3hX66qnH3UtMb1ePqMUZJYMewpvZuXPXQRoaS6","2423195397"
"DdNDsFnz55Jn9WjVfamWd86sTC4v4wvYym45kQS1LZtT","2446964642"
"841tmUoLMqnUGBbJ3QdVuqpCiW6RMvHTCAer67gkB3xa","2468564422"
"DMPxQfEkCeMQLDoYdhTw7UKwdbciaMixbNuNs2xf6zwF","2473366194"
"D9irBZtEx77Nd5x5Hyy17gsYyCVpjieeminXdeNMq8pJ","2492373748"
"3g4MgHZv7NWdPsS7sNkzZ7MhYAvBkbACbB5f3J7suz3M","2497027914"
"2rJzuA5j8vhvv1VmBJkRUNWyy6AUHkHd8m5Ew9SXrVbM","2500000000"
"3mvHZjAmdqvhCWRXGsZs7jFcVsvDwBtY9bw92aZM4jxQ","2573975192"
"6csJHaV2xPLASFK7YV9cqP411Vkh8MN7mxo4bD4UydbA","7634438828"
"DpywkgrBmkoQQwPmq3S1FBnfPTAGRSrCTZpgxjdjQPeY","2593204446"
"3kvUEYnCL2nZF3dD1mnYtS7ETf4imoZCiewTdwrLgd6J","2594425417"
"2DPNVhnHTr9N86aJNVfTxSMx8mCiPAGkhgguMiRLs1mM","2600000000"
"Bta5JEittirMHs4RjQkKfdJivFLH4rmkv3qtqEEYhhWJ","2608491539"
"Cd1bgn9xK9mwXWsCLvXmFiLcMncd9Utqmbhtd2iL2Mwm","2664803116"
"FJP8KCd3APhK5KCASThPAxeDbViZYAREv5QjJ2ZMy2eb","8235254846453"
"9BRKNKYmXdwY7C6sQtojKhkL6PGpUYw2q4HVapVBeMSE","15723223594"
"DeHo9YhDJK9sRZbvLKBWRtG9dwX6T4XZzBTNgJKLA59J","2727153113"
"BTNQiozTxcVru5vjFFrBdr6j94spP1aBRApieZWsz8tK","2772258906"
"6HroTSR8Vma4jV9rbB2Mp41eWQ5yopJdXaNJzTDFsddp","2790629877"
"GS31Hazaq3CpTMg66qha9efm9Yo43L9JpPwFjWfLenD8","2800000000"
"6Fytb6VC9KNQddpTSMktaaAJ4G5xykwFqa5F4WdTRwWa","2807212701"
"AycMG7FsweG6nL49o1RriBgZXwCJyRpz42HjJSpFTrRe","2829760363"
"Ado4z5Xiu4XbNidFx7Qk8vZhbYKPCH35VBPCiTQMhZBZ","2830534502"
"A2gvqSLwuJV1oVnmZXp9xNepwnminrMK7oApcVFUxUeh","2833596212"
"4QwKGnNtyiWNLE1m38FG3YAnSUA9oHbbT457fc6GvSLX","2858274303"
"6JMF2pTPsh41PvJX4GqNiD8398EhUFSZPWH4Ysku7F3P","2869248505"
"4p7Uca2koD1aVpn4T1bwPc2bcXqCVhvtaLGdVaTnzLSL","2878322190"
"7NLq8AvLWK8EWffVYwS4Q9uUgpKjMryUcYaoojvaxMRX","2928304654"
"8wobMY57j7apnc69A8PA6Xu1US1nS6cAxinGaqFUv9YM","2938089099"
"BgD5Ji1XfVh8h4kvEKdgDiQhZLAimynESHq1c9Tc2J2n","85799881558"
"45y8go3p8m8CKJ3CN89L9CWKpFTUg9JunNSrwFrCd18h","2970288937"
"5wN87ZcBr2PCzgYNbdbzX2RHsnRtL74UaASXq1dC9Myf","2973092590"
"BBTEndHjDG9kKAejnNhqULE55AUtAfFRqPMbWBcawHMa","2975772060"
"5Ygs5UGX4Z6ddSAZYR7yRZv5F6VCwDQm21McHq4vNxX2","2982901766"
"7imnGYfCovXjMWKdbQvETFVMe72MQDX4S5zW4GFxMJME","2994489497"
"3CGkL8ZidKuN41JJRfGXRz36mxg3h4QQnjybheAwsvBA","2996321960"
"7wT97bXnYYLUvuTjKnW6Gox6rJ5CzDf3JaVPj5fUVZjT","2996591685"
"E1X41UgH55xSXSM6BgF9Ds3BB2gNG7wwFbaR2bAr3Jdg","3000000000"
"5JVbdvtSLU5jWCAg2y4NVoT2H4Z81Cz8Gx9kBt7GwZ2L","3008983327"
"MADMQ67GBNsVQPtq1ZnYSZzJ3Fd2gLJFWtT6bKWo97E","3048060655"
"6BjbbKdV5kfXPQYn8fFniBZLsoHVKZDraWKPJ9PHtDk7","3058205955"
"7s8vwAAqznr1U76gRfLeU94xTJF34vobPEUxTkFMvsSZ","3099808962"
"9kJ2SdyeUVryMeeCmPSC2RkPyUPEk9oKPBDm8H51quCA","3104409012"
"6CJgsEqz9Y7TFmEUoQbej15mhpkQNJZpL66nkGR54GE4","3109990519"
"G5GbZQCDBsQpLS3mKnkmS28fTatFiUMWzWAczYc57Xud","3127126751"
"f68zQ3rQjuUKnF7Y5A8CDgYTDM4KuPWKDwikSKHGUj5","3131934498"
"49hky2w6QqZi8S9BCsbG4Y4gPiZUN6Uge56gzdSJL6sj","3218768797"
"44yEgDTZDtp3hoVVWi3C6Kqh4d2k5Tp7aPAjeFW4sawA","3266484937"
"FH2jXeQdTAPnCVABaTF1uj51iBGufqHz3NBfXLrPeEGX","3267073277"
"9qZXFjizNfpTp4hpv66g4yDyZVkDNuPhEmBzHtXYdhL3","3274099402"
"7poLpKEwyVrguWMVZG3LD7CkYjMHyCn5z3Rht35j61EK","3275137943"
"E6aTYgbK3e9amHnzsQtXx7GrJn4qUAcQse6GQawWfxS2","3297377378"
"FBKBZn3VgDHxWqBRVysV6L33uRC7VLhxJ15WSrMtA2AA","3317514270"
"wRC45NvXWVQySHJVYqzwVAGQZDGnR2NuskXMBBEtpDF","3320118329"
"8r6uzdxkbbisLmAx6T7tj3cushYsAxY8vgaHBePfGTda","3320586086"
"jN4HzXajpshtqn1wdnpWynktQndwUGV9yMMQSFLD9SH","3328928440"
"AqaWsY8rj3bcV6VWkuMoPxNNAHu6CtasGxvQxEjTzfr6","3366638417"
"FiSfVLy9jdpBF2gV9VDUpwHpZs3Fxjj7uGsVnDbguNYC","3452813175"
"8fJ4qacR3jE4yduWrwe1efcirHErae54i5FwJxdpbdh2","3457824750"
"3Y5hqD7dLAZrSWxzSxQrVfC3MykSVuBbtqTPC1HKki48","3486241327"
"AY8qJcgFPtF6JVfpgPos5VKRqbDkaDY2oCmoKdvcRHve","3500000000"
"DizK1nnZU44tgAduAiGvQH24kD3ztUeHRrXtmRTK6S3S","3508013886"
"78FociTyhE7z1MTRqyPgifvWwixLykjS1Y5ZqFZtHzxD","3576771035"
"Esf2kZvLH11rudV3C3Y4ePQhU4iUZR2TtoWuKQYTTEXh","3582772390"
"H51NdqwzB1XiVqon5RU3XyDCQ9xquVp6ob1y7L7J49NY","39752411272"
"CKLTdNof22M964fWDGCoGEss7vdkasFVTaxBinsWHhrv","3602239231"
"4YtDFTAtytVJmd32jAU59CvRiSTWGpPsdZWptdapk9z7","3615613794"
"96W6ZXeTRr29eXPJyYDWza5X4UkuBAJrtjxfRNAoqMZx","3662474047"
"HF8uDpLL14WxjuSGsFmkF458Myq2Rhd8AtRR6Aw6qnfk","3682749503"
"2gNopCz3CjncFgF92TAShRNbCHx3ztKRVKz1KgXAa5gV","3721052512"
"BTsw83MXmraWV75HcVd3722Rmojj3BQyjAE2RKVxaW1k","3727941851"
"7L8BL86c2RRd8cK9wbth7CVnxZFnXvPJAaiWrDQ9xG16","3754877049"
"CnysWKgHMrWCErnYyZDE8jNckEPcDupfbfBQKkWfeiv8","3758962885"
"RUBQDWpeYoRK9PryPfrPSXTTx2k55y224qZdMruYBCY","3773758136"
"6J2A2uKqNjCssG6xqeA5fBmjjBF3WstTcAoeKR5kuxQE","3803655394"
"2vA84uBrPKfBFni6YHTQM6sc6hbcf6uo5jEVPTzPvod5","3806921850"
"C1dZfiw3CeBnZW7YcXYU6VwdcmN21yHGND1ZiGU5XH4n","3914264455"
"6rwNnooEZLD5cYbnkRv595uvJXCpzEtebevQa7R1Ydid","3959261601"
"2QpNvvHXmBY3KVHb2cEJ25zYedeVGe3sgCjR46rTsNTY","3961594273"
"ApzSQfvKY53oWmBFSQmzXXAf12btBWeGAu9DBaxXn4t2","4000000000"
"8KX2FRawxABhdcXJKSrdjp8iHmhDUvgkZHKUpoKwGiNb","10905032617"
"EiXuA1qEDyqiWCxmByvPhnSgcq3nVjHbA8b5FpKw3ikw","4008655535"
"7dePVHdJd2iEUnbk9qGbHbcC9bQ7fLTSV9jWrqrF9vbJ","4029762579"
"3MhrHx89wKsT6ksiQGSLqtsKyqGb3WkXvvkB6dicQTYi","4039350414"
"Cj1GtXxdqQeup9Lgna4TeSqDYv9LcYXAG5bVTrDxfhBi","4049330653"
"9EZMbTPFyLMsoS9bEfyX2UMt4PZubpy9jqfVNNQFsFGd","4054331420"
"8kAXJ59W8zYkXNXkX6hvGyRzw848pxnBAcWK4DKLTbMa","4055344304"
"5vcyLDekEGjPKhwgb2fGAH7UiMzk3tZuegbw6nUKnktq","4072317645"
"EGJpLyCgK1Vq4J449pTvmJ33ZaZM2onfALwrHhQWH6bp","4140577038"
"CeVoJWAYZQKadgxvGt7aSNJgb7KQdeFiL6qwRjhLftcM","4152625697"
"8T22eozi6XSaZf1ZAjovEeTYApEeuucQw27vWAd1Vn9E","4155119734"
"CVkGB5S2JbNmvpSTUeyQP45VwUUnipUtNw9pRV9qL6Dr","4212092288"
"2aefuJjcTmM9gtZpmTZVpn7XegypzeCncq8s5mkWDZCf","4221447592"
"8ZyTuVe6PgxtRtMXuryEebdLGNiG2MgwUop7FPh3VuGz","4227652620"
"3DADjtcCXrpBdEtGkRj11mnwhb9Qbg6JFcBedJ9W3R4g","4234311808"
"2sZKbLfkBhj45HgeaZA7zu7vwcfZYNF7kSubCbK9PXvL","4296835420"
"FNM4m5CoV5LXtZ6YEQcqiikfuq7nFoyr9Tah5pa5Gszw","4303361412"
"251Hfcw5xGWESY95ibQpnivzUr5D3ZqcybbVp4NMRWTX","4348582904"
"Br4z7fiLLxyhVy7wKwXhbjbFZsUNA7RvDZcVCJbxQVam","4424550764"
"3yn3fVbGAFoGm8KteH3q72e6yHarK4HRA3seMZNkHg6k","4460717857"
"auieXdsHnPZKrsKdhi7j2XH99ZmHPSTc495JjEx2pps","4464108047"
"G684aXuXUNbu7pVWmhwzZCDQTfg91JcZXBLa93GD8ZBJ","4474099342"
"FZRLKmsFSohGWTxktdx8hffzw8G1emDyErb6wwX87ppL","4499383711"
"9EDh8SHxvYxckgbariyiScSbxyxTtt4m2AaiK8EooCL","4543093354"
"2Jbf2ezaEPsrHCVRKAk2QAwp6JgU8GPXQrZbcFxgoMkz","4545609170"
"E8pWpUPzDgBJ5rch7zETTcptgcevXDWbKXbKueGbZzFS","4570454990"
"EgGPr1awaXFr55s2mjXBr3bieHVzLTwGKkNsQ7ciCNfK","4609536561"
"2FKDhHDKnRGa1a6PzdQ8nq4HGHSQozDFdXj7tYgzsxk1","4636490468"
"4ex2aFsfVzzyL4WFDAvBwnkbrPEFyhqNK9aowpqbYRJR","4672102977"
"E5b57gGNDpiT4jE7qrEDAiHGRswzBfGVPDqZcEjKoB4B","4683775499"
"6gEXMZs4F5uR4mFMexB2WNzbr2ryD8KvhSqPB9oNhVJx","4699768615"
"Cj7UR1G2xFwvVsY1zBJ9KwPNKKm7kfWR55XyazcJUybn","4752820000"
"8BzmjpWcc3eHKTHiNo8qTfYJFYykwbsA9iPdZeNdbmQY","4778442609"
"CsqPzPLMPiLPRwF73kQ31tRnCKh5Ek2r4G2msYdesUVk","4806768469"
"4vUVBezbBPNumHNijp4LPtD7o2RJ58GC8dbQADGrF79n","4825508956"
"96cLHgmx2a4GdLE6RWW6oFbSxxRRLDoUnK8fQF2VksBK","4898850911"
"HKQB8fdGkxTF18zoGSTB9hGZNEf3EQNxi8LRMQcxMFus","4956571447"
"3pLn6yTXv7Xwo3ejoEcM5816Rspm6PUoBzwsb3vmaksC","4963057218"
"E5kr6L6eDgwofpjVLD9NTFYqgirCMXNr2UcvbRPf1nUH","4963911559"
"9coiS9197968pho63ioG8Eoa5QLNQCJuWaY1HXKHtk1G","4967934541"
"HVcFPeraZZmXG55fqdQtW9suXJDhXVPY7nSXwgnCV5gr","4985921901"
"3Coy2VePEzVmWkPmxjPtHLny7P8SBsbJxWZ2nYvwoDd6","5000000000"
"4YEYHie1GdfUQsfbvBM3XrrANnFrfqoap5CHoyCTF7Ra","5000000000"
"AxTKvBsTfbhh95kAF7nHnE6SU1R9ngLscVr57y7PwtA2","5000000000"
"GY9UapcTqWhcER4ZiiPGfVRtrpvJPxXDE5pFYfY2WHEv","5000904386"
"H98zwmvT6KkWbaDR1s79HaVVZWaosYHVahZ3DaxFuBgr","5001646514"
"FxUmVEebERTBmfuJ1q92J8edyEwPMDUGtrfM8rzMN2k8","5008183955"
"Fa3zeaNPu8z6jzHNocGEvavqurPUA3Vs5bddPF4F79dQ","5030206159"
"3AARaKS4pkYaKaHdnGVDDm26A7TGRByNjFwSTgDUBt4j","5036669767"
"GCQVGHmipTu67EnkthixXpY2RWRHDdnkkow1dZaXYYBr","6580788091"
"ECBmeCvywdnUbhCUKcZqUY2rSzuFCTAK4UeN6XqLGcgA","5041181254"
"C9G5eTBHdRryQYsa2XV8AGoQ4nXzuZwbQWK8nKJvGziy","5042191413"
"3zny73kiEqHBnVDjZ13giy2q5aCMibkyaaA2EbqjPGZa","5047130315"
"7uMXDWcyN3tTA84KaFqnNYufEtKRWR5BxT71nnryNxWB","5066008694"
"EPiRj9MmA3n2ZptQ4KSA5inSC33zwGNrqZSKYtCP5hHp","5086158722"
"ACxRNcB7BqMgGxxAiW6LRKMYvybQCGPJZnMVc929XXUm","5109796386"
"BtBU6RGys4tVxAADs3FFG6xJxY953aT7aAFeejUDoutc","5119706418"
"5NHYGSJVn65RDGwXVRwLVet6wZeuBCFJeG9gSQhRRZ5D","5293780131"
"Gwo6RnyuAUE7szuZ9SbyvsGHoxEYgbNT5A1iGBafAaDz","5297410860"
"HzGbGADhYFrok2kSsFBWVE4CsDd1yhAi7JQU8VEvu3Sm","5309418288"
"3SY3UkQsNRZHFivq6jaM3fzeUB2BQmG1wEj6Y4wN3DWS","5314755313"
"HxMGfskHnJvkMpa3Bai9pyWbQGGYBGpk4E3nwApd3QX1","5327418047"
"AJ875dcohBiQ2SoSS8Dcz5X9gAoTdPtJJCfbEiJUTq4F","5339370381"
"5pFYUv5uHS8xSvZkJnphBZS7kfw62m4uBnFwaNVXQLSW","5359840777"
"6P6aXiYyL8petza7jyPtoXTXs4nBJR2YSattBgRPPaSv","5392279910"
"AECxz4vdyRBknag5ATqLFESjPaxMziqmo2su4oo3Uk9C","5400466272"
"GFFVHQNEpT2KTeqQMSmGKPvV6hNnr6n9rQqFa5G46aKe","5401204133"
"5maX4CgrgkfCvCqfdjiBBjzyBJRTW7KXZsCXb8ymWaTf","5420491741"
"5ZjcQGV8jcnQqGqxdku32AW7giDMBUhqbHwzpN1wUZny","5448199486"
"BmoTSWKCvfbkX4XtEJkLPyf8BtfiyuBLPNz92HYEcyCT","5501123005"
"7AJVTj9QiakjfA3pEyusk9yAcPAQUnm1FqWdA5vWitQW","5630286745"
"HfcMt3YUNCadt9hDhhj7BPkbNUdascMfaxa1BxNQ4f1L","5711523383"
"ET9KU9PccshYU94NGTFaaCdL5DFxgZbnG62yrWMFYjtA","5713885038"
"9FVjsKrLH25H3r35vqmn9gMqtRZ5GpvvAXSmWUrXwqbS","5850181571"
"7gcm5ZA57TwnurKjFqqxMhtxxSSmW7k2mpoxnPSthMyU","5884226167"
"7s3WKtoBtTZLbkEdNPpSsmQq9RrzzhvtdmsaUyR2rZij","5886289294"
"4edHCKdsfQ1DJok6CKVsXxAtLZUtyVc2sqnBozurbtSE","5907268187"
"2vWcG3v7Hzv7fRCNkBBBgpYQ8wQw2SuPp3pG1B4BohsJ","5919987686"
"FCakBX9EUZonT4U8oscZDDx3bHyRBxTGWC7F5ZKUsmBS","5984494869"
"HfAydvgGZMXUjSBme5WDJM7trsWGk9NdaXiQ3Zn6nDqW","6004895162"
"7WZWJXd1V4MAbxX47PR42tihCxdFWR1EBZiWBYzyaoEF","6055955254"
"J14m7GtMvgNa38V4mudua9ach33NBEXkvDyrxUT1eBVL","6100000000"
"3HmSHEb3BoNm2WBymD2S4mNNAiQyfxxRdNJCouNx1yUD","6136311206"
"JCyncpDM3cKGibbq2dKJEJXRhLUupdVS5RuRqVmu77kn","6262055946"
"4u2tNimFCYL4mnPNwxL4sRmntMg37KTBQaVVnA36HCMf","6280137550"
"2HL1X8mDVnJEi5kvWMK8VRCzAz9mmwMj7NSYJH3YdTpG","6280740099"
"GPSngmevfhbRG2NzCKubaoNxJ38z3XEGPJjbxeBWTsNX","6444911067"
"EcJFMLhd1jEDFLVmzce4GmSDdxDakkoBd9jFtBqmr9Jz","6502343370"
"25mYnjJ2MXHZH6NvTTdA63JvjgRVcuiaj6MRiEQNs1Dq","6539347140"
"9kaUtokHMXKGYNBHju4fUmYSs2zAAWnXQ5dXzv2a4S52","6550683722"
"HHv541KHkbYkYqosGBdK76bvsU4s9MmJNL1ayKqDgHN6","6600551633"
"E9DS7D1QZdukUpkcz1wVPnb8BeXT7UgS9ugN2rtsnRge","6641172172"
"Cqad1VxfHVAQdhmS8o5RTAHPrzXhZLdkyrqBYEiY4NcG","6648877865"
"21D83P7WojJv2uYgmPW5HhzUNmdextcCvbtpEEL7EB57","6800872279"
"3m8rkRAEfQB5T1eeWRYA9PimPivGf6k77QZjNRLuUbYD","6905626350"
"95sbZMtx9oMhUKjSETEbabjYcZ4mBFMq9ihZVLaj6tZo","6970963204"
"Fkt7qdopfbV1KpJmmYcjqaLVxjgqqrsa27vuY8k3rD12","7035176488"
"48NZ8M8X7LzgrHVCnGnDpBETjEFS9v4R8nkg6AFqVjYL","14860048773"
"8KTUbV95TvuJLVgZhmqNapQKE6XYBuKEo9hspExCU3C6","7113242319"
"AGNS54pUqbaosK5Cw6AxbuiyMx7r5ch3cQb28QEtNCdA","7157884685"
"8FwSXVRHLNbCxmAAjYRZaoNwPavVEk6zCUzoiJu8auoq","7176256715"
"9577staDPy1RXyZQYRXEtuWyr418ZraP2fy6M3mJPbrr","7194634134"
"2FATqQLaTHMkWDoBxPEbvKDTCCQLRaogv9opEbmeSFbH","7250000000"
"CiM1XzHaSkutyAwDnoCopBFyDHm4nTMNSYwgCV5TVsbQ","7347585335"
"2jhzDHb2N852oMQ2bkPngveXMK3GoVwbpFzmWTE5MSTo","7392463570"
"2xLYxqgGX1jjdh45RQ9wKynANiBZKxkFAGZEd3UgLpUF","7434461306"
"Eua7ojxL2eG2n6Ymc9BRZ6rEbUK1cPFM77z9YGHkzUyf","20785404090"
"D9V4n1uCvirytBLHgy43QB7KdrJPYVnqkQLwX4F2ASzJ","7771130907"
"CzQUTKwMtXd8us868bzdg3bmYivAAccQJxVsMjdU5ANX","7951717712"
"94mj9PWxLJsiqKC8yAJN7qEbXAXJ8i9zF3xQVcCYaYnf","8055879729"
"Atrq53ndetbneLEiAwAvJFhSdMo7p2w4vpTzBD9DEYtA","8141223438"
"6S4qkWQbocb72L6rZ3HEE6jdvASJXgQsqfM3najBmwJM","8181968104"
"2bzEE8ofHnrsWMxJeQkWbZv23nQY7Sbxn7QXaHEf2z75","8191729365"
"HtHCx3R8UyB2wtaQ5xUnNBWmAXCraEu1x1QdBwkuSHS3","8209044219"
"DS8QsPq8oBSQRTyt8qnDQ7PZcUtoQDRoNCpBdobsgxD3","8419064965"
"bbd5GjjTFckqg1FFe2h5rkuRSc6pfMy7f1koSYF68po","8437086339"
"FYYxhstuFbg54y1BcUEwfy2rM29hLZ61er9zr8u1AJfx","8476012071"
"AyPzkL3oeHV32gsW3H1P6vrGRZRL16pB924huSUMB8GQ","8618932563"
"7kunibHx8zG28YHi9y4N6WfPuYuKz6uroTL5Bk7Xgufo","8670998512"
"8AThr4fWUn4jALMtCvZrMR8RXZxR6nfnjeEK7w5gebR7","8843581400"
"4jKL6AZCUr8xT9dQN4jD7ZkCjJqdWPbtqkkSzNGZoDxX","8863631246"
"84f4aUVM3CUGLZ5gsgsQKvR5cYiNTG1upBPQKURmNJ3o","8878662451"
"BCL7TdX6d43BL21pV3bBr1irTDWppD8BJ2q8W1jjMS8y","8936990926"
"CcNgWK3zi4HPMPFjYriLHSJML6duRDRwmpcP9Kvixrw4","8945682426"
"ESnbsY738ZTewTQU8rPkxt5tkFDgLiwzgnvhQkXD5QiG","8962355429"
"2TopvyDDLFRrUiHqM8VpTPHMRsugu1v1ceY5tXpB4kuF","8962355429"
"CyDG5SVsrtnS5G8mr9HrAC1gjqGq9QvpmCMjkZqFQP5b","8970986082"
"C9VfBbwbhVUqFYdadBZ1vn1Qde2ejJdQRiK4cZEgTHMN","9004671207"
"9esi8Y6UJyjTqB7vxKRcdf1XEuunwfXgecWAHz2rcnwZ","9028198461"
"HuCR5VG5U5jpGK34zHS54dzQRYSDDaL2Lky3x8DiQKQS","9288804338"
"FQH9HNVTuid5MbiM42sCaLMozMeTiL7G7hQazPXFxS1F","9398978759"
"4at3ogsjdvXDbACqxbgwtRgrXedED5Qn7prjq4evAXSN","9432858608"
"8ECZCXnNZ695hiGeAoQFnXgqBG87iQ23vgUf6ceLSTDj","9456131945"
"A9NCvC1C5xt7cQwVzN1okboVcLff8rWhtTdVUA3hQfky","9696401643"
"HoeC3uwVaDEGxXQgnJKnbf1RMdFXsYr7dBsePWqPm5sC","9865111656"
"5agCpYgeFeRUXTfhGHKCgu26HD7ZwexapyNNwgvB84jj","9869628162"
"9Pfogw3vrwYEkEFzpmY2fvTvMUaEuhuyaMU1awgtwbQJ","9875954010"
"G2CGAC89xCWoZGbWvfTPuZvL9taCfnVRJjCGBdxqCeFT","9893488849"
"6v8sRF16obGjn2wC5zk9Hsz1B87D1NiUZ7h5M9JHVqxU","9912818835"
"8ZeaccybG93aNksWk1TSKCwjDiGeLmGTFULzugLE9RTV","9913559349"
"J18pGuB9V9SxSUjBPD6ag9TVvt3UfCRbTceuYjXBipbZ","9919240202"
"GBW7Xbn53JcqDYyCFyuAye1tMWKNUPaLDkNbipEeiy12","9939647139"
"9P8VighSgjqdJZfVGzySsGMeWdggRbFvQZkPiKvCD5ty","9939647140"
"GaafJtJ3TGT25kXBBJbSZ4EJWg1XMCSrq1fs23RRJC9d","9996895878"
"WCo1GgYnudUNCaiBajqaJR8k72LQ8CUFJvcXDFCmLH9","10000000000"
"38fSXxmZFBWHEQog5GD1YuSGqX5xqFW9JE152bXTnqzJ","38927968543"
"9wArhf16ttF8acKthdANJcE5VLfCH6JhnZrxVxPaa2yf","10046786917"
"9LRWnseSjFsMGpyyArA18qJgtHpAUrw1DakGKTXH7yVF","10408789728"
"CDQ3EnVRkQ2U9754KE7TMfWAUCnLZbE8HiaVCsyeFxNa","10533286302"
"BmcAGQMnEMZD5RuJmomWqYcV6wQn2V2w8RDSVKCKyfcc","10886974949"
"FLrfoJwFbHjoxDFqXeVeNP4sYjMoTxu3KQUnAoeBGuy7","11204697250"
"AvkxRUeFdnYhGbMyVeoJYMY25rRUBv1YaNpZUpZrxGxK","11413978963"
"Aw83RbfEPig9K3QnXFxVJjzMJUf7odCnyGNDwUfYBmwY","392719013484"
"GRVBx3nNMacLpMQez9E82moDYHKZ2H6pukQqZnhaThKc","11635073873"
"6U8Ve7NuTVq9pb3xEC2ZwxBhceWULUuJn1nSKCTraq5r","12139095221"
"Gmc5agcQCxqt2v6Xp3DYJ8Qvr6b2aQUXRJ6wkvpKnmMv","12566485846"
"AmVawib4ZsM17LbPoY3iAQ9nj5oYCzoog2tEVApyB5jX","12921331378"
"DAB2P7S6NyXMW8WzTmCjGTATRkT46tGZMY6cfBNWNrej","13307015156"
"46Eatxgjy3xK8osMjVWmeWerNWVoeN4hoCB273oS4Ubt","13384580320"
"wEwC4q5ociY1L9UtiKZ9DC8csD3PjsnVHj2ruLCAtfF","13405795288"
"BEwy7AEC3z6PD6biDKDR58B5u5HErNAmXtspUUwNkvKA","13674721499"
"A41UF3Zu4Rrqf4uPW1ipjwh7XDkGJX5Aiz2Hm5DeuH7L","124892813210"
"EvcMoFXqDC7WGqPRySnQBVv5cnxvJuMMFZ1p5fSjaJsz","13724916113"
"auDsYygWBnprKCAY5WVU2MtDencyTCVZu8sDaUtNZpN","13829681358"
"593JmBxZk7sG8xdKWYboemoRBFPgYwcuC9TMKydHqAX3","13835311110"
"EPfsNjgrt985T4nLE2dmMcwYeYJ7my193weBUsJW8Hoj","14264041806"
"9uSXTznkRQnuNvutLjDgfxmXfKQv1ojvrFTjoPKh1mAA","14283087888"
"EYYXLPRJ3W8MUD7HNkVakbV2zTnrQT2jfm9CZsrYZjA1","14306987799"
"33hbNkHqqaH8NCkjmB6jHy3PKqGhZDbfjrf6N4sHFNZ4","14765990583"
"57vHgjo1Ecv8PGZqokXiG5nKBU767SXH78wZKEBR5VLj","14891467917"
"3EKw7wifjoMw12QToLPLuwx57rCTujLhx4RajNhR8xWt","15000000000"
"6JBbUGL6Ac4jv3TF8mFDcbeG12cFsvMwkYdXEBQ6hAba","15105668239"
"EeQmNqm1RcQnee8LTyx6ccVG9FnR8TezQuw2JXq2LC1T","15120720589"
"4jBD2LvareT9cFCGZzcm6SoNL6ippG9NxkMoEVPK4p2x","15233570031"
"CBs5idktcByQNJY3uDorx2mFyPPs7YhYyvs5NyjSj8F8","16208698719"
"CMH4FBkMHBv2bGrHNH15rm41UfVfjq8aS4oJ9Ww1uXP5","16420707185"
"ADhhtMQhJwVJxQ4GMKJb688ug24nERy7hThrZg93tFqQ","16502847721"
"98C7W3B5beqfyGx3ScmXFBRxb2S8tpixcagWdEKpK787","17142813200"
"Hkhj2gNnp4bsEcqBiKxdtcux8bGt4amBJiujSjsyPQs6","17200760635"
"2k9nP9CcHvEawba6nZrxCbfyZRGsh73tKZo7E1zvcx7J","17579889671"
"5rT37QnqDd9F4asA7T9NmKetomzDSCp99PiRAufcQQEs","17666627267"
"CvuAoy6M1XSsaCUwoqjC5EM3QSiGPrAN49kuyjUwtKKX","18183686676"
"2qhNaXnvUwQksdG8uiRfZZb2Vs2ASeyvGSPCZz5peJaK","18475483772"
"5Lvg1PwakWTUmLN669apPKhFqwUibxurnchEUsVQXYFX","19355570283"
"757omZMDbkC1aQE6jGPVyph5dK5iq9wTuZJK4Fkz1zye","19561852342"
"J3uLqf7LMxn931vkaDQ9dtayF3E1L5eHAtQstrT777Q5","19577699563"
"Dsnd1AAEb6tgALgGBhKyFjqvZcZf7sasUpV71S4KRaXP","19883066401"
"3u1FXkXeuJdxpX282u8y5cS8wcGCjbRkmvAjTe7846SB","20000000000"
"ERv3mLR4J7fpFqjgSsgTJw6vhLyazhYgztva3vaM45Vj","20006534036"
"HS94Mr2wHMBxGJ7cJgtHvuuyr65AdruUNjsSHGuFJf6s","20430093354"
"9iZTmiUNudExXbihJ5c7F6WhEhnUYDygQEYqW5ER3PtV","21063355006"
"9SxGiBP9TgbdUPzpTwFeC4m8aY5W4yStVBUYgMM4ZmHJ","21527461142"
"9nwKnaeWQAUw3TpYicGfUZWB39d3Nuvocij5ajfwaYYJ","21699940643"
"CPM1TrR1L3iN9snDGTV7ChYuw82Q2wp5wEJvrRU3Jeem","21763412809"
"24y3dawbENBAoZQ4FY3xFcTFxpGxAaVvKHwMpGghPLwj","21852554801"
"AArT1F9STj72yXc3cwrhBDePpDs4hfzt94Kztp8ombD8","23445399015"
"2RXeC1v7rzLG8cx7iBu8YQcFoSkrpXAKE9zxz69Ps1xW","23801484752"
"CNeTBPqNnvAanoE8UnxAVtNbdjuSQXQEoHy76ushx6xv","23845808957"
"A5yha6p2qbXVH1r5Ns6ye6mTePyb5942Qead4ghEw4sJ","26466129396"
"5ZYRpAtD4nFGqUUDvHSZSDDgDZSaHk5F42PQHWbfqffN","26569874722"
"AGKJPw9dYL3X82iKeGsTcYZFKdJzcK1YaTRr2ybZi5nx","27000000000"
"FxrYhwgk5YgBun9iK7R5fmzsmZy3Td6DJu2cjeccxuQG","27000000000"
"HPTqVkDWy5ZoE4hAaDDdJbsKJQRGR1cuKwgvLe3AnTuP","27680287764"
"5nFLSDXsFGcRun4ywpEhQkfQkcGMLb1xVGFr2dtPHzEp","59650119543"
"A1Qn1o8FAq43NFgSLvAgiJg457g3qRDpaEpWkMhecGKZ","28615516118"
"XtUGAwb32wP3bKdT5DPTXFj1T6r7kUExrXy5JkambhK","29761573272"
"9QDvYqL4KkQRXBmSBpAMdkLfuUvEUzZ62YvgmJeS8kzm","31739895283"
"CPx4iahfePBoB8Dk4ro8krjyi5W9Bz994z4WdtMXC8Gp","31940439531"
"DJytiu2iaZF2SEcj95v8whiiVDvYZiyaV4vKB4qiq2WT","33381562487"
"EESofPdeSj2PeunFVAVS3a3j1VLNkG4pNiUyEnGcX7NW","33629833462"
"D3JQSUqp8hBZeeyRxSZvhA3WuSfPFJH9wXNgYQkcwTH5","33976241494"
"7TJW67iR4epVp9U5VPrW7iF68Td1jDnBpE8KyifLNnoy","35211334425"
"4nQ5VWQga2HmLr45VWQ3s9CZMAoWHmRXzGwE1oSpcMZh","36117600210"
"5xM3p6sfLopjgDpiXonYfNKTBHj6AN8my4bkKUXBLLuq","644884827489"
"BAg5SNJK6qmyzoNCDrqMHFxna7Cj4yXAPMR2AQNvYMY8","39000645744"
"4LbzmraUMS1Ej6zzmN4BR8mCBwUGmArk9TrWo5s1tRgA","39554420953"
"EauW5j7ojmV8Yh4MbVJybuXcogvsf4JMsujA6QcZQudc","39560836210"
"HphazxZFEegyJ99fizJi2PixsFDzAvz68KekgUQMnJRq","40577029853"
"CPEX4z5Hdr9izWi1HrZPtULHXDC25McAB13q2hLHTyyK","40662124505"
"H1oK2VxqfqxYnQBmcbAqMxPuGna4F3DQ6CNrxoFa6Qth","273442921784"
"6xq4uv3Vz3NNJDTUEoFb8x93Lo3sGYQCzRX8TrKWvURr","43563315975"
"AxuN89PxZYo9z3aRvfNnFyyQNtkUDPB9vxA6szR8DJ3w","47965465084"
"GuTAbAWzMbF9nqzr3rqNCbyFrPgopWZSwFjzj6CkMENY","48141799111"
"5yGLT9douaD6aLRazrrRb9sdPKRfuYPUigTMB5ZUQzFn","50565922817"
"hYhY4yzgvd7Jrb1N8SubYneYSFE1KAo9G7fpvST7ykm","52151247019"
"6SCTX9zUmVZPH5ejXeZuGUGc2mTzmFQ9bNsmMDZobxnv","54823742701"
"EKPBjftgaCPswNRK8D2Y31hKFCP43UfHQjoET86hRzgQ","667367126990"
"DHdsn6xx8HFUVvjkFDQshc36dtvp6rkwWfkuG3hYUfj6","889571342832"
"HtAfAxuyRZ3gBeiMNkibNLhbP5bLKafbQnsnUbjzXqab","60064778089"
"FDpUrYJtE1YFatCpwDxMPCB1yqjYMKUEo7quCPe44MDg","61722325217"
"6GnTqRjQs48rZmvCzsa3JekKQyt7dzVMDVYzH8qArpQs","71440600033"
"39kyXV7tWZCG93F5pktpAmv2nvDPwQUz5EpX7fk3AhQC","75631032436"
"57X3WpEA2aEEyZ4PYRACNRqof3CDF6NDmBDQWYWX756m","76060880938"
"EDUxCT29tqf8F9z7QjVwSjgU1aeqSmsGrMQUutmhJgwg","203721351651"
"2vnp5VCJaMwT4DZmWFdBvnhn8upkiicLf8brAkt6tTPU","78080373804"
"9duL43R2gUvie5Dk5fBp4kPPdiPwFPFz6UQXgy5MmXPp","103856946056"
"8Py3rDMYhbkonkQkeUwjgmN4EYdXdZNYZXZeVRJZPHWp","84567125847"
"F4CCs7i46BThkaGrhEqC6nPw5bGkbM6RM32zZ6tjS9ph","85000000000"
"7ouQX9SxCHbzLgiHS2igyg7L4ecdfzV2TJ6fh834cKya","86468415634"
"FXrPiRvwcyLWzWJpg3nJjbkLSNqmSF4mJjtk5SqAbWcB","88280412125"
"ACcUyJtY2be53TZgNFua4fFXWpUWGepizLfVmPjXwM9d","92587720517"
"9iwjVXRHbAbbDV7wAg8VJvZzLAJCHWdnHMdnzK5aFtMc","95408122908"
"Df7VuBkasBXHyEYUsuqQnEpDvLyZmfoxDnk932CUak2c","99850000056"
"sjus7L7t6sQMSkrGhme3pQK3oNFcBVMvArnQAwBb1hY","99891086848"
"CrDuP8SWkud8Pn6B1FKTNTLmE7frLbsQ5A54f89EkdPi","103113350725"
"7ABwzmK4BBtarYqGEKALPhEtfuVopMXq6u1ExHMLPBXg","107736339625"
"HiPF8pDMBPZc87mEWkonim6n8pBzqPk3w1DZokHEvVsW","109426558088"
"9WGn8UBFqWaGqc3199BNWtB5kG2NYoYgHiisrkvBh8dW","117104388430"
"8LXpW8fPk757j5zMGnkLYFaPP46MrmtnG5H8W3LcsbNh","119298745135"
"F3yy3FVpwq9MV321AzALFcDWZp9XBBHbMas3t4AtEtCW","120161073275"
"F8MzTpx1urznPUVdYaWeNzXJzndQbeifCzpJDHdQepYp","120442702317"
"4Sx3Qn8XxznLeTiT6CXE6TXqQaGm2XBdDzWXDumECoYt","121206853053"
"FdqN8BjpxoFmmh442aTD1kVxkM1gPvNDeaNqbdiojDfp","129462496927"
"ATvE6VufeJj7LnEWZ8sVN5Wfftg3QuA3mx2RPRYN2pob","132716536060"
"4ZwtUSoSNfG148WrrgUWqMc6TuLYDHMR6HXBFVcE9rr7","135700285958"
"BjZbtpwXFeyRWLjzUnfRKZbmVGn3EyeKJNDuko6XmwJF","149677157215"
"7mQUz7d7wqBAu9Sm2putzX3zFVi1AAsGd4QmgnS6T1JP","170000000000"
"HzcxVGL3dsjmLpvK7Wnwp4U3NSSp9TUQnvfpnhcuKmPg","173970191771"
"84VNUpUyHAB9ShaF9WshrwwCfQYU8toXazPaVcZ1p7B","179589768123"
"B3RDMvAdKDu5zPJvBkR2Ardn7GNzAnGaM1WjhmkK38X6","180059393479"
"5oNGLeb8hXydWZr3BE2kMushTVLSW5pVdm4GamgdGgCt","186533702344"
"Fn5FbRbJzohohUBnwcAYHuQyAz89Q4VBHwsR5hZSGkDa","193884230791"
"3zr1GfKvd4AULbBZjc3bvEqEUBfsog7hjuhxqiQ2wvyA","195058506162"
"A7hQZ1zXBShf1gMgZuhxjQvZTiYP2pa1SpJuBe4MBCtD","204668778168"
"5kAAvNhbo3Xu5J3BUyG6UGvijVCcHNwKvZf4L3Dynyku","214981174735"
"54ShLdyt2ZuFBQSo6CKm6arrTDNY9bu244HKmXBfUZm9","221122923938"
"2SFrYKAF1UtA4FZ262VVkMC3vMtP97N2TH7CzNhggyXS","41011207057519"
"HtSgiH6kPNHcg27uFzSko2a58vQxSjJmsWxwpcudrnEj","239984422435"
"8d8sFGA4UsX4mdtSxrHDpUQ7iJA1vCR3Tds8bTLezn2h","240116002092"
"5NWWFWbJEZcFPrmhcgnKSphdpRmCyZ8bCiftABaFCCSM","259290611691"
"D57mkDkCerfSXRxgzVStJ7rSNak8rK4tuVrnrLptMZst","261618698991"
"FJL531iCPj26NGBeL3FCgxF8Y1N6edpacpf6EZKDGiR2","264616402421"
"FxfoGh5ESA4RqD3ockhehPmfA25x8SD8JdHPZYWf48YA","265187482886"
"B58k4JwBP9DLZm3FnswHKZxicx6gkAUuauWYgVdnTvkX","274315666100"
"9Zss2nH2tA7GUcRfNk3RdwipLvig6qpVZ5RvdCsRiF3T","307744824633"
"3WDh9HgusCujDmXCVhophLrHvoKHQd1Sd4uFHz1Awo35","309734499464"
"9PfvqhEDBz5YLei2vW18EUNb4PXhXKJWxQAM3Ltn6F8b","312791836193"
"21Mxxv6dzUNG9Q6MWiP1irww2Vck2UBJYkKMyM5Sbg2a","329936518011"
"m9Zizhr1va4qGEC2ocsXcKmN1MkX73Mk2zYVfbVgdGr","355124964923"
"DMXMf4SdxeU1m2MzqeqsA1q1Fbm3Mq76xkVUAKTpvCGy","358914296957"
"FuKWJE7MeCH7HaYmcma2Y6TCMA42iUVhymCpgRvtNF5","400543203804"
"6Lj7eUvRomwkDtWpGmwhrySpKnXz6xYYN7EZKy3Tq3M3","435730832402"
"45uHS3n8evC4XTDeD6YeLZxMD4N16Bqq5t5xtRqZpm3K","507901148862"
"HPCQUnUKbncxUF1LVMKRijkDPE7rr295M5oPaPgv5W8Z","527248341512"
"HhfgZdzAizpzsH7c9e6GgdipvvcMh9y73m314tnpokQR","584973919898"
"7y6AbjqsJPm2isDw1Z6iLXf5v2Xq7pHbZDWbecfxnEWR","691464230346"
"DhCrUDCEgcLq2LheRauzzFbzAp1qdKifTF7r2hFFPT9i","787817363146"
"AqYhUPiHQ45SAuVDRNBC41egAQd1T6r5vFdiE9X5vRg4","1102436647900"
"E28vfcXPjjbGGmaQgLy5U8oYsQEscYi9byGaDd2F8eCR","1142714705536"
"J36bmxXoHEMNc3ncec8b4dFpHm8BJHU2DKYR93NAkDtP","2462879559260"
"9DrvZvyWh1HuAoZxvYWMvkf2XCzryCpGgHqrMjyDWpmo","168019155159711"
"GJMrAtT5Gqay84g357SG4GobL2K6AiQvBjcofzcszLEb","247326574190616"
"8fxe1qGoDVLtqe9PAFyV4kR6zryTDyGQYb9AZQVUCvpM","713920470521274"
"5Td33VrB2xrEYR3PmeFkK1SJejpPL48zU2Vmr7pfEkSm","0"
"jwxzV5tRgz1MpnMTTooBxYAez8Ddi5u64VafnpB6kr4","0"
"Feo46fGPj6ESc3uE2tb8Gr9WZBQ77eCdzN9GXcQ1BDXF","0"
"6Jku99urHkEtzVkT3yv64kJG8GgP9rMGb7SDZ1tPwGAn","0"
"4tH1vCPBpfixVwvryYDyGnFdLdEM42DWCRyN8epXWVRN","0"
"74zcF6EGEbJ9HWKFZCx8fVBEGSznih1w9HBtnkWAXCnb","5624079610"
"AN8t3KSwtgdqG9ziCqnWj4TWTbxbGQ5Dg9pCxyWdUXZH","0"
"2WujMFsvcLYkKkDc7EKqvx3hdMgWJ7sDZohzRfkNKzM9","0"
"ETJR2xe1UUQocgFGs7yux2X6CLuanjuZiTSuJLLvYWC7","0"
"5REUQk9zgg3X7pL9fFmhuBSa8tzVAuzbLA3QS9vA6Ref","0"
"6dLPyVAGmFeHxdB9C2zyoG4spbMh7DTgHG9S96Zj9Ftp","0"
"F2v3XU8n5wbqhg4CdU2jaY4rXHQiqkhePJnfnd3gMYJY","0"
"5XkmK4EemeLcz1qwCW3GPchhphTBirJ4G34cxdDL1hKA","0"
"DwgUHEvQvUKHiQocNTGn3wnoiCEXbm2rtius1hSY2zK2","0"
"GjsTfQhgYcScwtCYTgkn2H3RWZK5uuhyGJDoPGZWLVEV","0"
"6URSRuHMFLbMHupeSA8z3Di3decbJ5RXeuXUi9cK6iRP","0"
"5ddg6W32DTmqKYdtazem55piRmLTTmVapgkj35V5zTB","0"
"DVCp1ZLQyT1qPdP5LWtk5ZkmdL7PfCvfFjmGgQkCX4tU","0"
"AGdQ1GQDCwwtgy89buyFMUcifTY29mfzyv4f7ejdN5mU","0"
"Hd26F4t6h4xz8eHPvVrsHsMs5Njmij5YWoDSPJYmwH2R","0"
"FeABeyESj1W8J4i3Juyb4sijWQfgUucEEVpQCAsAh3Wy","0"
"GSAJ4P2FXtiCrdXQejR183m5sbyhXwPtRyHZqzJ6mo6F","0"
"5sJZAApR8bPmFsWZq8TosuEXvQH16rX3TAirK8QppDZ1","219447935060"
"J3RjJwF47JUR7Wva3CW4jvdXTkq9qHy7M28fGiiNPTou","481013411083"
"BUHgkRK1rdFLCns3MEmwH8nvKG2z33KLEStqAYJ8kdGh","108210336960"
"Fyrv72cFubaqaQxsHKiJrkabTL9fAbTuK8rpQ64Aq2yQ","40646098814"
"9DRFcUphVokHYqiMvkDkvt9cY8oiQBsf5omEfsHXzDmu","373187503"
"7VC8ckqCfpFfDzSAEPPdynYU8kTRQDNX2RzPZEM7gEfT","270358048"
"LnLSkm99zehqeHFwmpAKEcEdhgxPNMtpF3UVNSGF8My","392984677"
"AYir9drwFJ1UHcNhzKM4ux8hJ22T8eycY2aGxghtkwgF","4896871031"
"2aWj2T1p42zquWHDBkePWVLeUrs9Prhckf47SfN4V6g7","7111510465"
"AJnNH5VC8ZfF4Y36ZZQtXW8GwRfqeEcMwpgMzAM7HDJF","586193990"
"FfihYCMBM6Gv39Nvs15hmigtBVbXVEFX8WcaZWxPRoi3","74451398556"
"DC19XybMvfzQiP9BmYys2xYcFpJsifEUp1b6WQ1mrusX","214488391"
"BMYJYmn8DFuvP9xqZwghvsfRas1fkARrtkNRVkfMzMpF","216651049560"
"CL7UrjaWFJ9YHRWkTFRQzywmP8njb4s25AawUJ48g2gi","1014262635"
"5jadRoFEPZdESahKtGwwSVPNKdWUJ4eHJyTweoZHpRko","558096895"
"A4ph14u6KwfYPVL68uXs5CApfRLwWYgxE85iCF4duzFy","228327564000"
"HKiNeY14zzN5y9pVh4MQqphopzbV6cyTkPtPyC17XtHt","36012384184"
"EMCq4vZThPNiGhg2KJJEGCikBvhj9xGuEhw9NzKzLDfZ","118512720853"
"3Btw1bVgJRFf7fz6WkHhPnSWVckhhHT6254dRFE98MGk","1542302822451"
"4ko9XSd2srEx1cZhTxmH82K54VzdzASC9a6eCNevggLj","142168016968"
"2WxG1qDxCdxACnL7VdW3irbDT5rKwkv8Y9kEx4eQJVpE","1093793215"
"7ZsB85RRYN7zAE4FUrdbN2kVUyFJryj4PfX4YbPKb6C2","358028"
"GUEU3uk65JBQSECRpjnSm1PtTqoYeP3WkAhGyp2Ng3F5","6186262815"
"F84rP7guZ3kzkBprTxDFmYnCAbLZGxywVARnLvCvtn4G","100301118"
"BYYWo1NuWNFNg6gz3P8PZ2Zd2jwVC45mHeR3M3JxZyin","1144599099"
"G37UKjumWNjohzEWR2f1xei7newtTDwVcJjuVJQ9Wz3Q","4678129011"
"AANCoprzAHZdZfdUHCo5WonrAZubgE4VCSYkuHo5J9RZ","30880638848"
"2zywFrdUmkiQCKNvYFU5iCPbJmSbFzGfEFPWJqGdFP5Y","47976067206"
"4MV6rEw8ZbRKjSG26opD5zgUrqrVWsoQYCtprqfk32yF","440152115"
"5vZwRvc5fQ5MRuGAFvrezPGsL4FjJpbxpLCpj74pFRFe","496723488"
"6XVffJaJf7y2yHMWne3mBhNd94UiJ8HSDdZhzzm9cq13","15130781"
"JARDTp1s5HDNUY4yZsmxEyoVm9JCsjxUWMBg3jYRs9HK","661245524487"
"6XZ8yZZpdBYipuQogDivSCwJD5YHDGovRHuzhYM1ZjAM","3592655340744"
"sWRQSwbZbfWpYTTAk4eNkP6MWPzWsNaBmi4icBKY6Jd","3239038160"
"7ncSrcim1E4U7YFMNan58c6zS275TvHvju715rFgmKbj","500103249"
"52h6RiC8bp2xSdyT3ZK1M6J1aZ2bLiUWKdBGMkoAZ9KM","47062192063"
"5xReacHae9PfW45Wrpywj9hYnZbhRZA86ftC2tQxYr4A","10914542"
"AvzxUsN3KG9CWQxhXrY3HowezCLdbm7HbgzwLheSCYkd","237650617053"
"DoMavGEK9By86vRghPaKij8ztiLefdM3jH9EMMCycGvn","601608"
"HoFTVE6NgtV3F8aeb8dvsD1SrrgkKortki7murgaK929","196912"
"63584ZQUtYDwFuhsc6dmkW7GbNXRdo9f3AufmCdTxLY9","500403387"
"244pbYAnCETRe2koFVUFiGCjXteBqzVb7ryPNcnMsgGZ","375092238167"
"84sL5VYZhRAURAADUkToYpLoYw6bDekL9ksiGDGFiQTg","11625793"
"8Gqn3qjjnDBxhbCgKqrCNR8espXHu5zd75n5vZuk1CHb","9782870"
"CfLujfx86a79WpxfRovJJyqkASUu9Z7w4uEDKAaY5TXa","5537280"
"GW9WAEXk2mkUTZNvG9xL2gJTH5gcT39oXKevd6Txe5vt","5955398578"
"2XLrLJ2tZPbFTS76GipwUhuip5pv1xEGcethLDLtsPLW","1094776590"
"FU439MAAY5jiJ2YVz86Z3rUejhzL43fqUqBBVCN9kMhR","456032990816"
"57UJFiG4iNQRF9zE6SVCLJieb3AvmWrDqChP4vjuafYh","196452699941"
"7sgmHga9xEUrzHKq4FUEUgaHWLxnjQYgJFHz4UQjcc4F","223096538455"
"CxbL5ePbMSJLsHNAp4M2C1GyLuzZo3bDUJBA3oSh6szB","24989"
"EyDkX2WZriLF7ugHd1qVhF4C3vLkSHzA64QnVEJZeR1Q","109358705"
"GoFw2ANzkwtJRqM1d4SJmcqstbcSxoWf2VVhYTJqEhPC","60963"
"HxtKTPfuZwWgEs1viVmoJzM4Rusxh7cTZUKjSx3wcrLX","901244374"
"DDVkbGe2k9XQk38WMTdxAWxUr5hKP2jZAeBqFS3wPXes","9005029499"
"4b7its85mTgXxPWYEYnYLrCMYvBs5oPBDPmSKtcTBxVA","991472838"
"J1mfD68mDcLGVdLCiBVe4bFseNfniiRggfLi6ing2sqp","1000000"
"96iTQndAJ4icSS5X6Vx9A2pD4kw7VpbGzUGSEKnjB7wK","547109900110"
"HTNk1cvdYwmhAZ9fxbKXJkKi6myEyEMnfbA8R1YjAyHy","2792968"
"BaQuXHP5xXkrs977b5bZSWP8B1zbYfKS1mChvn6NwMFF","2798975662"
"67sHSb8fxRWwPHTrHRdpQTWQghG4RHLBBsdPtQE6BcPp","496509247"
"Dy3DngGFdsxvvKa3jfR4fpecrAdmyziL8H4mDTDKZ3SD","103789166"
"Fm9SK2ZLjRboxZvvQr4ahfPD9ATkDnzNXM6ueiiHH4kU","128917546"
"9RQjmfBxL6k2hX7ZmtGhavAkZzsxj3RSFBF3FWAiSojZ","595681000"
"F21nsuNL3wrgtMTd5XpyWLSrx8wt8o6XJknSacLz59dn","2726275552386"
"EX8YuCXyjVct8Ti1m5q87URnayzdQaeTE6UFQb98Ncwz","297059675148"
"G9J6qwRZmfNprpJJAba1XZoXJaWsjDq1YkueLaza8vXH","3185799652"
"LLhqkfTuv8ZgGv7t1pGVbHst7NZeqdvjq5wgbvL7cuX","9837566257"
"6AKCsuNvfeuHgALU4kpSGdka4FYf51rX5NckMwx75KaL","283754163663"
"Cnu75ynT1caF455m4hxnc7zdVWqeRk6b4Cwkqrq3WX8o","66252946886"
"22K33dFGRvQmavyrk1PqUeSC7t9GHUy7Cf52oGsTr5YM","477384543"
"CtKWUxsWcW3yNbif6MTZvoN398QfLhwYmpNGWXnKrdHd","6385544"
"FFoZGtB4otRduQWnwnSH5MNbWjguJoH1X3X2bA46paZu","83601568"
"FDLpUpwj1qBavDP7NdrwuMPTQZ94ZZS4oNF97AAGonij","750664551"
"Gu2VWFXKWZmzKTw7zqHtBWmgobSwULgoMZbJF7dwbkB2","970551450"
"AZQK8KRHmjim6eYpZ7YebTLRGwsE1Z5ZPs3jf7kpzLj5","5176592942928"
"AZSmoRpGxRUk3KrHeSAfvLwvgLqxHbUkLxhHx4R8yZT2","300685"
"DR2wsDXzKbgeJbH3unTQPML46Ahw4ETeyds8vn8JZWtf","230079"
"8r2kENybTmb4CQoDrKnXC5JfyCrvoRv3VnYgs3r79idG","48016061878"
"6rXGLWZhdAsoYs2mGEYCfm4nMQ3rxqbWx6c8syVo7hpm","1091609071"
"EGmQ76VyrLtqq2U5WKA2jREjYB4xhvCaD7PZoQSccY9h","675431336"
"8vUL2XXdR3iszXHtaNUNgfhy3rVN6ioNHM27SqScTRWu","1418442565"
"A5LT69hkNZmoqd4Wn23YbEc7Qqnf1SFhkYwTbA76uEEP","23464118"
"8EYgV716urcw7V6HQJEDrPDSp85P3EfGzbtLxsEcYKHk","75553679343"
"BmvEHJmgfEFFdtCSEupfSY8VkjJkT5LHDNiAjgSM2VoA","6232516"
"Gkb8wxgqhixY3K8NNrM5KZuSY5yFftud8Jp2D5KMXLPQ","234822207810"
"CcJTXVc4PkFy7RnLy445t4pSsd1wVQzJBNR6Ke2ZCXpf","5057017569"
"2rst4qNBzkkRcpAiiNwMj6hgPQRJZeAH2ErC1UqE8Yqv","987993198"
"5H27hWbcaxvE5hVatrEJcF9jJ4yE2Zzd38CD5a5gcv1s","1057083117"
"86Azja4AGJbEAjLZqo9boRsfwxb2KfsmwmwyRgjyX1Tf","997405286"
"6wECedWSX8BDJft6JQSFAHbVtzDP2n57A68SuZACo91g","1347296766"
"23sn942p43uMgpbtX8LryJBGXjiQ81i45EjHehdhD2Y2","538711971"
"7dzaRjcA25peJcpmCX2B3iaVqxdauDYuBhuh5tV47o1k","13539301849"
"3Fv9YppPQ8Z1p3j3vDT8TGhVqmdNnREmQsW94Wvhg8nh","1389121358708"
"D76xPovZaiGguwouN5BW7kmPRRpTjAKs7589XxVKazgu","461918575658"
"FzgxKzP1h6nA1LVGdtn6AsE8oQAgVmzk4LurtAJK3WQh","175048798"
"3yYCYoufCm6C2Vp7fYhVsxoYQmQ8iFEMp3dtXaxrdx6y","75049452"
"Ew1dtegv44wCgK4NaSkzvqh4vkpCM1WVBNoNu8SjWty8","6034547284"
"PYzzynKdpVLgdSikgKxweTUYPwRVtDzNLvWFxQsGkYP","219824178680"
"2tePPKeFgLQWTojsNQa1fz3jAZPxJtHpoT3Cxr5aJnkU","997401255440"
"QboBQivFoobraCPnGAczNLorqsZDZ1iqoFnvP7znjiP","109318728"
"21jLdQf6NzBwk3nr3paQui6JVCHekxwpqDDnEytdQktQ","1016507022"
"3erxWzytwQWPuN7zd5cYegeUTNBfF1eFdTbkNmVgs7Ur","582285757"
"3cPXcUW4xKZSEkafviqeu2C5z392tkmuR9Nn39vaHpzW","1629923"
"DGn3B9WYojPNvy4BjwYaNzEm91HdwMxmd3KEXDAGqeHD","30140839"
"5c1XpyLrpGWdVNSRYPpvMQGBXWnSuzsEWXYg97yWZsns","976989714"
"HEtHjkWHJnEt7iWPr39xwJsf9XG22zS9A5DAK9tVviWn","1691035533"
"D2Ad5DKMEj8y7JRqvXfkugPRLqQJoJsSp3rQwjqq3Jaj","7878623886"
"4P9VqYYuYytq8kUy3p9MXRmo7XfyYrcFDjBaFpgdBJbP","449162601"
"CQRxj8iEeKfyH6tvW5x4TrFtsAp584Uyv864cij2eWbn","960359321"
"3931eyoBV4WinZw8oUKDHq6KnBhvNuuwxXuSuahskoxW","6247045312576"
"2oukRDVjBBiatQoPT9pKK7iaGn5fj5kLS9Sc8jRaPBf8","26250108026"
"G6Se2XkHAVdPApneHjLurebLr5ntjChVMQj2Ug5eGuT4","242633064"
"edu1za5pR2aV2cDbQNNccTJc9dhAe3oK8rRaw56yCPq","1129350221"
"41FsnhebHhrpAw7YmyaSE8zxd9MUHsD3i2YkrUCoJXLo","140404482"
"46MvWCGvA4FThnZV8U8pfuiCBFs2K7bs8kjbHJMXHfec","895094706"
"GJm5TUTmQNs8YnJFEEs8GpcwFV6dYxJZ4B2ipRMSTPjt","12200500277"
"xeQ9Qcau6T1dNFsGRWDDAvnCkLcLcAKsEeLE53PCJJb","1002315368"
"EKp7rGdEwYS9pa2Z8EBjEBbutGgxnYAdmz4AM9WLQvJU","138790520"
"GDyM2QTUNXubpBFazrNhrx6Gz1XYQvUiEwDqAU1DLF4M","1009671825"
"6pP1s6eGBpY7QKUnDdBtwi8M8CPtR61vUweW1ekQ8mEa","821393336957"
"BP6eTRpd8ENeAkn64sWwxQ525LNfxxRey8NKASzRLyr7","957451661"
"9AfyHBx6n7LP5zobw9urrB3atG4owcpW88th5Zffo7LV","18039049144"
"Box9BAX65nU2B3GE4n4FEnmurDQhmqraQzPjbMSDZMKz","1943256594"
"8X8NpuU2Fhgf1g743Lg1SwkqhyYV81AHoqUviUtTfFFV","1105853419"
"6VfDYZ2x68oNSLqrdfnzKY9HkMawabfJWVFsLWmYDfMg","100384867"
"3AthL3CDLUHqLLReCS3gaHEXAiyLpuTQuQXx1uMrT5g9","23088895588"
"iZuvvkrJJWJe3msrG2SEkyPqMc3JJ3bYeQxjR8RBvG8","9047590429"
"3piytux2cxDePiYW1mfKbKG91uSL9dKZnf6ar9EjQhK2","600860442"
"3EPDxBJjYsXmb4ieQiQAJRPJRmLrVUxRkcYffus544LZ","789354660"
"9jP39pw6nyiCAuWUmtPvKpNgjwmS5G95H7mHdz4a8xZc","288772720376"
"5D4WQEzr2djj2MJCEEgyTAfBTXS88NsXC778CucaY9kX","5002271784"
"6ogCYErV1N6XHmpPuBGXJeXqDPEC13pS8HNVXs28df8W","32353613033"
"E9JdgdQv17CDai2VJzGNYhxh26rCFbUAgrGaBw1Fd2UP","15099231345"
"5HmS6kCZmJbFogRqnn6yneeefcDeeSsQimMbf9vYXkrh","246862153"
"5Gc3FUyNSXH6uTJmLse1pAtAaRMp2CFqdScxFiEjSKu6","50511823"
"3HooK7gMFTmuUH6MLq1BSxizcvUT6BTUgh2k34c9cLn8","2654"
"6VphTGR3svs2WensjYHEyBrZEj8Au7xVsA4RWeJQ9kwp","29483616471"
"8wPt23yBNWr3XgBoEYJFa6c3dLYKP13ubPWUQjBB2NwD","873842464"
"EhpG99uBBmYapYP98vfjbvYSs7Vn5ab9JRr78mESm3pm","901156435"
"AK6BHHeG8fCGjPdJ4YnEByyn9SFWxbx7RVun59AMdWWN","8716262921"
"EmGCUfgJtQirbffqLjPCreTpwGMYHgQjYzcw5Uzus7nJ","20465895"
"8cezuXNNnSQUGr9P8LC5saK1W2j9i8mU7MFmq1DVJEK2","298651755"
"89hsTAec11MuMYpjNnNGs4QLZy8UmU1F64gykcsUF7Ff","447042180"
"9QLrbS4MqRF1nvdvFSMKoASGxyoSctBD88qjo21bo7Vt","263011284563"
"3dHyo4wpJhUyxNVNLXBp6tQmi17FT652o392szYR9hV8","109015904"
"9Z6uiTBQd65WTb653jZLfkuTAF1ZZXiGjj3vdmezqfrd","192938188003"
"2N7YSUs49J42f4GNw48j13a7zrPyTeYySeKm5c3M8dMn","1699722384"
"9BMoyDuhMUiK4Qk4pFnSUFWZPjbRQndXmtMdtAtNT6bB","16781993"
"42cFXkbtF1eVLND8wWF2r4AG5dRjv5iq3F23J8T4FEPK","5070"
"5jNaxcSJTRrEYCBWyh5aG7gVwDUXHWdLDCfxEjYgXNJj","35882042"
"DCHdjBgbvsVuPzQ2pSctkDqqFDL9fN3eH3NzxVQELxcN","46390730"
"4zrQ6gEvfghAERbX4BxCWiARdcZvT192QPSNEJvZXRrw","780025872"
"63Gzrw97Rg3pp4Y4vVUDBiYUvDFW5PQ5PhynBzBRGSJ3","535800658"
"6ZExY1sC3M8TUyXEahWqzt3zrjt9WzQMNRbW544whGAW","30489971"
"6wUGUskF54PfFWRXGDEazASqLPFLCiomePuY3rh17G1K","5997792185"
"5XLiouhXPZaSBtKgqjhsaj4M6MN12VCnFrnd4DDhGiSm","8157583"
"A8NKwsB2tcQJJJqcUTfeCYW1J36hTCAh5k8XK9eLr11U","4898"
"9EyT64fceX5rVZrYeQEqqJ7RrwGZar1uQSqGhapQpKM3","120083048"
"WuknnM6AD1Hpxi2ERFhBGD3VwV69V9YfqUqoK5VNnAx","44359773"
"5YXGPye1gu9upGM7AiCgmc77US5NhXkXFofT8jMB28Dg","234501386"
"G33Zpr4P4oY4PyhLC64zQrtZ7AHPcMHCagJozkEhEqR","2575734"
"CPYcBRZkvztqb4Jj4ccRuA4A9xwxoLBhg86czLAbwakg","51634248"
"Fi93YMMPT9J5VAzC7kjzdWqyVRR7NyX6NVSw1UQWthJj","1681432286"
"Hzg7yYoLL6nUZnDe1aGHCuMJwmAtq1TbqHe5LG43iCaK","262433089"
"A7VAUDNm3jDgGBUgheXEEPr22LCxfAzFxQEix4mAihNu","268523833"
"Ba6mGkRCa1MngfkGjre5saKyG9AYcaXwHfjGdMWZf35c","10200140"
"CURsaAmMkwWMrMNoVsWEfjV3hZT39VeHTnbkb5MMYcci","5753404"
"42cpM4CjizNE5zzLB9e93XTPfYNZZBatcXQ6dh8Vq6kv","28672821"
"8Yjy7sGuKW7qDRHnnLPETPfH637PZas6Q59JoBwN3wAp","334524588"
"99ij79VcuuLV8WQsH7FPrdXe4BPJdutkXVjK6jGVnHeo","27865333"
"FHXyLh59nSFedpTaD5bZyaA1hbuDi3MKHg9xShAvzbs5","46329"
"ELEPu5DpDjTKSPZjSNh7EmDVgnFjtEKfaXzAMyRQ4y5V","12813888"
"89Rs4SdBWfFqf1t9tvGKWdcFcRnRHEAn8NCQnqPPSqfS","73540803"
"7RnbvQxydeZgZPeFvXznR9VzDeAQDwUR2aWug1Xbz2dx","79361"
"2Cb2wzmhB1Q5L5VXXx85L9C7o646rJeA4ZaDrqSuenHN","443096244"
"Ds1KzHyMFtU6JJdwetCfEXYHTzjNrEUFP6kJLLXswjBZ","1584542679"
"3eWS9yKSa8DB6Tw8mwTu5uECTS8fxBvxsDVjcZauSeP3","2874"
"VL9EpCggaVww9YngFkeHPS3CKbbv7ZaejMkkPSuiUAs","58930075"
"9CwAbrKfM5AaStSg98EJoMvSrWmiE34wJHpH1pqVi6TC","75335559"
"DUQ9mPNG1AMtdqdMdFJkAkZUk4makPW5MvQgsGaLTGhM","34308128"
"EXQRUQFhAcMq8j6jJqJag7jSNRvLCkXjgTe8KAX3htCE","4"
"2eow4DRLpNfqGZtZPkip1Me9f1nMy72FYVpDcTdNJems","2637"
"3jgHRmqL5GskqUsR9sRZCf1wrbacXi4QCZsVfeddR93s","75021917"
"3oh4kxANd9pD2Mcxw32iksEJNChgUaybAf4d78Kd7Gok","75227804"
"7h3gG6kp3bDkEQrkL1rWvFbrqdUSxfpQmDdibT44yNRq","154824151"
"8xhLBaqwnuNJ6gQUDrStyoKc14yGSoDrmVYqbDFVjNSF","2272"
"5VkxTXj28Q215vTgw3pJB8XWCW74gNkUvoJ94SgduC9G","65595892"
"Bq373HejDTQBUe1p7ZtgRKAHZov2cci4DvntEdmzNErB","86412044"
"3ebtNeLtTPtrXwFhbGmVG37JEUZGMEqAhguwDjDka14w","150071056"
"Am6KsdBiDHuD1LNjvmiKzZ5ruccrqQe1vGZxdf5KEmzH","36828782"
"Cny1meaXHyaSDPmWxuTejUQBKNQHEd2worW4tHJgi8ga","57659691"
"7TM3dyya7PnEHuDg9TDQum81UWMt8emKjg7KdWmzbpK7","74331815"
"5SojCftfkbjweB3Cr5WaKmgwbRDpGEMtmLdZoMi3UoMh","403442729"
"2f3CvyN37z1GkktUDp6McttJyoUihPyTA11U5RWuYjRW","1718722089"
"BB9W7HhRLGCcR2Lf9BwzFtYMhRTNFRxKPcTnspGs6We7","7467465527"
"FXK6bytADEbQjE7XYRxJHyf8vtBpSEmjaTctP3yfTvVt","6689846"
"2E5w5tVrSUU5U388TnVgmYMkErwCEu1gMXV3HvxAoYyD","1649430622"
"GWmWM6qveKFz8DgQp4vZUj4fPrV1hEKzj3g1HhcxjCb4","51538954"
"9AcqzHyuUT878Y9gEAVfkJkoZjDcQfJ1n6YbftbjgzUj","35"
"9fS95mBhCmioF5NBrAUhWYmRsruoQ4cHGNWLRmqPg8SM","22605663"
"8QJ8Y8MFXzPPjnV8hGyhM3sCGFQaS7kxfzqTEsiBWCGJ","42717"
"8z47ZTsUN288Y4FecKPQ16kH351YdRZ2j9uf61FSuwvS","1004903512"
"5DDJA9yXesXreaEbz9pA7dggSqk8hxLLuy1fGHbyWWjc","3576"
"6gvX9H2truF5JjMsCVRBqSydnJHoGGPuma7ug2f86eJi","2184"
"ABThRHJYc8PcpS8pmyBPGqUNTSzTMtfvpku4AmCrxGGj","61764340"
"62pAn4zDd6ChY7M7oUzQa88qbCFhv9sA4Tic5NrSP2dR","20699444"
"CtQWAcGd4nuDsixYMGpzrQoxEHt1D55FcZZqySiE28pD","1513043477"
"4dpjxnRqtvft3cyUmkCw5nRWbmbeP8wirjBsK9CxWaX7","7934506"
"Hp1gG8ts5S2G5K95k8EjxFzN1GhwhjTtZKnQspsGUzgF","4622197"
"6HouCw2vVvEGcXyoamg1hHSSxUf35RTzkPHyreBvzwEq","7360495"
"EYVBPZMnnUdR9dBUzthPoFwav77UebxMC4c4KRmof5YV","88500560"
"AvywsRqQ4Bk3owF7hd2SNAfPLF21DuDDwkf8RXJAFuht","269759629"
"4tvN4eQwZtsiKRkTBo6Y8KbnazgxxronrsrNn5StPyMR","5169700"
"AjzpWxoLZgYpMh2oYypxK9354CowLZ2MJPthazCVYVWv","194110422"
"ECHgdZU9aEDTuTzUTfc3hQiTyoX6ZW5X2uLrn6aYRyhx","20229177"
"76EuMv3is2iSfKmZEzeTxts7kqo2pG8Rx2rNEu9jzRHu","130729349"
"QSz4NEsEsvcked8XFaDk6BW858cTVTdw1uWqU19bH7W","8116990"
"8RfV1FuDcJkcso8LFFWooinskDDQjstFrWngSPaGARo3","7616526"
"C5h8chWL66M4MCt5ZJGc2QaNt7uGVEFneaAUMdijGcxu","7567722"
"31CyKFYZCB5QCVLCKbAbpRWtKmwkVGHQprE67S9Y8smD","11123"
"2eDichncHN6vsU97NeY28N5veRvK7mTK5VKAVvYaMtei","288177259"
"HJrH2a8bzgYjPVXpmPYb2Wb4pPAvmk6uxSMqu3XJA5DD","659522071"
"5MYHindsz9DCVpwYWDw4qBHyeGfQkbnT3dZEquzPf3PK","155376128"
"Ec1pMSrHEeZPLruhtRcwhPMusuGCoQkLe2JFyKCwRUC3","29061090"
"3EfPfLg4sAb4rceBqd64YcGkBjEm4H6uDCLer8t2Rj6Q","2182623753"
"AwQ7YpTtt7USeSCphffAiZrceAdyPG6PMU35cSiQC9xf","44618354"
"8bbCuZGUxMumoz48UPs7WEiFm97fK11fay2zj8byFj9e","48167892"
"Pm9BiZJQFTSEQB6g7nSYVTrpx7Q221uyboLrkPKXE8D","22269574"
"5keWGKrcVsPsyjGAk7hgWED8t142Nnu71KwhUVsDKxSx","3587"
"7hLVJNvMFEfuDkqJPcwzzu59x9QSgVSPZE9Kq2f4Uuuc","21974708"
"BehveqDzFoHy2b4RMAAUmW9chACMEzwrt8gYFKcraZq1","5182782"
"8r1KBtuUgqs2pE1Yp2KqEK3QHCccAFNpeSZi1FTuoroq","5182303"
"4bfGdytgrrz9F679s7ir1yraGDAVt1jUmrSv7JxMtzpS","83641655"
"Guzgu4ZkhJFEr9HbnH4XohRpopjq1NbAFjAfxsvwJ3F5","111974520"
"2DmgoMog7FNxCtuGefzaY7STeJbQ2CQiuTC7CMM9piMB","24681471"
"76rPgS8tNvMcg5ZG4uHVKfWBFXk4hLZfjpwXMxD3dTE7","2964501"
"7QD5aXhQyMGnkDngHFQ9A15hJxwXJy3QUgdE2FY4Wk3E","37349627"
"5RW2b8BAMYYdM2f4aR3LDNbqECkDZ6X7LMkiKb3EwtZb","36624602"
"6cw9EztUZaHjC3YNkikZ7u5keHK7DS5ZJNZvusmxHqC6","9383098"
"7f4hxBSyitjsmXSs3eU2BG53g7epXubkw3H7im4ubw6D","88436337"
"3csbBknjPPQF7oakCRHGSzrf8WRMo4bzPTMELYXNaCk2","516"
"BY6mZGX7MtEAuDePKRkZEgbtenjPp7XfnBWyMu4gv9we","145338012"
"2kk7twNxeRr8Ppu3xA5WBLeaRkS96pWXyLFAtDs4fmrA","32971559"
"2e4JeUW6uxUp59iAXaMHgzwCHcUwf8HK2YKrcBBu5Eur","75413958"
"F4q4jsE1i3gAsdDDWPztw2igtDb3MT7eGe6v7MmabG1X","827483918"
"6ArwYXTHLSgheDt4wjn42BHP8NG2tFYwP1q353t6gUZX","55273244"
"FMFFum4CsGZVXyMDuvnRNsxsDjFFVGFweuNx1bUMTaFB","5183189"
"2wr4Q1vj1rC63HHi6TGoM9y1LKExhsQbifc2WF1QJmwV","5546635"
"Bb7HbXCSSnnuxiZa5SVbGNE8iiyRF3yK8DzXCWU4MXbw","25405283"
"5P1T8T2xGAYX8UBKapbB8WsxD2WgD73YHCSQLdJZDdoP","22185348"
"9zFebeRuWkc3894fmUmnvLVsnE7qn7qJvg6gVYMG1wQq","39800314"
"GAWXj2WMc6fzsahbWEvWoLKVddtSyREahJBN1FMU9MCN","3640183"
"DX3n9bc1ZT91JymhiAEwTmNVJybLed4Zrx3iwUVx9EBN","787595101"
"3SXPXeD1cCEs19q133kTVDYWEg3HgeJm8RgA2LDKn7AS","12901766"
"CAGtFaUWuj78SFiuidcPnncJjmfShKtQ3jJgtCZugN5j","43960984"
"5x3jZ5PrNAPUciiUMfdJrXFg6yawEVNYv1GGdwUzihRD","4152617"
"ADVEhCPxVoRTAdAfWnKWmdVEaw9mJzS22SGLXYiTu3z6","5"
"FLoNTvgapVn7mHDTL5wMBCzNqix7GLpsPGtdWLWonGrc","3539969"
"7DLrnZbcpczRc7dsUBMJCLjDEKnpFSBciwyqX9hanGs3","109972526"
"2JTrJ3FP5CRJFQWKu97N7XByG7MQyhJsWYybgL7zzexj","21909882"
"Dnwg6ED52C9BXHwQZ68B9ZeVuXAWfiWjEPX5zfhHw77r","7356570"
"CkAp7crL5vcouCQbWUpwRMp6eEiJXGxm46co931cWrjW","79620798"
"3p5JjdEmMkp8cAiLrqBkAUvhKLAh3YyUjBQ6B4HKXhXc","38824737"
"2gbSrvgdoC5pSwpLLZo77oyUYCn5VphNV972pz1RrsNS","7935785"
"AXequoqMN1iSWHe84wZCVxtSxmnYBmrRJLPUjvRmdG5P","4664073"
"AGBB7wuTSLC6NcLXHwmxdokWzSXxb2RhUteKBYWfdyVn","1895830394"
"ERcWoyxS8AZKHYt4HUcKrN3aQVKUso6m71crEEsngc7K","601"
"E4pruvchYMtPAMp8WEhyrRKp8ryGP6c424EpLvQ2Tcfm","7102408"
"AvvaPVKB7S9F8ZJYYUs5b2FeMYXBJCdENy7HjvEygSuY","88678183"
"FcDDCRr3G9bmvjwu72z6GiGKKSnPWCMieh5qtH3GRarh","193"
"4hERuCn7y3TyEMX4vpXiR1Pa9xcRQNoZWuS5Gut7nSyL","2591"
"FofhHwBKRz2t4BSiXBa7egotaoyJRRT8DTbP4kdFdGz8","22909"
"ENoC2KFkfVXcQVsTT18tQ4emedHMiuEH3aK51YnFcwX9","626762508"
"3NfPPLTDc2PHbqRbDw5N1muduKW7Xx9vXiSm6dKL6NnV","34518376"
"AshSH8wTsRX2pVUG8uyacdCxebGrnNW6fsjAQCeWhFde","74594967"
"BfLW1dQiYzQPhAcJiSQFiY6C6RYttKMV9ppegg2YDMEP","3439344579"
"6qpbxQNxAoxKpLzUH29kgrRDqsjFLeW1RqpLdGqVz7eX","65972838"
"BJBB3YNCcTf2YmTB51tVrw9m5EPWvP28z3DDUafXtPhj","85345094"
"HeSNKvvgUviKzVfTfiuEeYMey3Xsh7kMHBiEmizN36GD","118111652"
"uAJC6nH75xQPe72uohuSSEomfhYzyvkzUQjXrqXqvDH","46326795"
"FUDQc9Xf3jnmYyPkPWfi4qh21yimjNdMNVMGccuJxRcn","7726019"
"FD4fVV8fQwPQ4U24xAHo6e1iPWQqCDXK7qzwzgCgthMG","3650852"
"4yM9kd2RGzDYn2Qn8GiJqYdRd4NFq19Di3n9G5vg6gbs","223455"
"FtzrVyH6UajitL9JfrCEo2HbRtP28BJ9KMA28n3uPKHb","5182303"
"HkPzk4fNiC4UWBkHdVKr1FAqBFJf1WqwtTcT51PMoYAJ","51040772"
"A3nEgWfXLee2FWLo92sR3FmkPiL5sQjemn6djBQV7GxE","3237654043"
"4GjzCA2UKDuPbosari47rpoSd2smU5yvGHYgxysrWKtg","6688412"
"AGqUnVruTjHEEv4XezKD2Dvs8PuKEwwGSLK3oMAc6t7j","154394029"
"11A7xgKdSvMpFqSdN7fSgo2n8MjVEW59AnyVNK4nt84","273099199"
"9jHiHniG8sFBiBUGLmj6FA9HtbKsQufRHMjfHkPSJbN8","15948"
"7RzRvSd4qJc5rN37tkEsePX8qj4NX7dJxrDgfaZrZ1n9","2212"
"57uVkFcVTn5TzoEWAKijESEVj1axiXsr7iK5Q3w75myY","26446"
"zPeHQHBKpLjwdjWDv9SNsq9TRcaRroVz7MjfF5icgr2","53809436"
"7UyJShRRBL9rfatij5w429rHnqpjUddtEce3shz7MHHv","44263308"
"BWzBbHYfKfjockCrAcuizRmM3VLRas3TNmbvdGR1vySJ","832570033"
"7NKSPdB79u7973UVbeSWuyeShbV9CBoMaQ1UCDR2N4XN","20699308"
"5mGqXFubxpmLgWUNz8tFAdXWEGjaUCUHZB79QaWAr4PY","4163"
"1XtC1pjbsZqK17CSqXNe3hYHQ6mcdxNnCLKpTPwvnen","73898482"
"2TEPaFC9eKKuZdTL4mJcgh49vLJmTAgYHiFJHaGP4QP9","74012611"
"sMqqqzSS2Sh28anTtJMjbtw6Acfhy4Nkd6XF9JMTxaG","22472373"
"F4TN8hFneY9vWXE2dYcAXZ4L2AvpCNipiSJ9SmaDKCoQ","32"
"DVYby15MVgW81tskB9r3Bp9vyxdfL2aUAg2rPaJhLDok","5687947"
"7qzfNQC1H6WEgaAVBUGdmeyKgkq8KiEUPyojsCG1CjTa","81325986"
"HdpxHdfvrYPivQnfN2iMJf4BcsenFfiJmRKTnVePs2u5","75103543"
"HjYtTgFuSMWCG9abtRMpKvEy7Vczv3CaYSQmkbv5K4G1","486559"
"FSvXTkgpsLKoBe1GyfVvqjsgssRfziBNwTxDrHnnHU5d","5182342"
"B9QrVDGFu6m5j7D2KT7irurkCTKk6TgkfcmSKKdnk2pp","76305837"
"Eudbv5epMrVjGegugyigc9kbLK95zeti356FSQkLU2Qf","524835543"
"CJ75QNFXL6Te3NYXpYhFDWPLdLGtsCwtZeK8xByDF3eZ","1677406"
"ETizSPkiQm4Fe4Ze8i8pUMvT9pFxCYeg1prWp9D7zfYT","24291927"
"FbTAmS1ddmCraAfpfKBdv3Q93g5rpMrxoV99fS7FsprL","293749639"
"5HTwsHJosUMc7ZiYVU8pThBX4fDfmoHy8TwxnR8Kt4zs","7058728092"
"AN9Jdjh7EL25LLXjLU67aXLe2LSsH6FWTxsZYhRLWUVG","11625935"
"38EXzMrswa74wV9pv5NebjHTDHT7DnKmk4jxLghFbHj9","178843325"
"ESedLMmRdPuR2wyFSHiBvqk6GcPqeJCpEHHNpaJyHzZo","116815716"
"3Fr7sE29JAzQFaSHjaRcKX6q8wP1jk5gjwio6Rg5d9cc","7161093"
"937jnhFfts8Xr8YpTsEYWas89uY5s6F7UzzSzHjRqSQq","5234129"
"F9SwuiRn1688N6TgkcjZYuX6GmXx1SfLBVB5JQjqKPrS","2"
"3a3mv6AFu3HFZ59QTP58xPfNFKgLDkiEC8UnTi84QkS4","81187742"
"AhdidZgBnwk1hXFQSNRXFyy1hAJ4GFuKEZe9vmYV54xZ","21180983"
"GHyNGrK4rGyNmPi4VrwsLHUyUEe9TfeCmuZF179Kw9Lg","27495353"
"BH7VbfuEKyaw92cxTbqBfXdxoGPxc56TzogUJkykRZ4m","25098850"
"evb1fS9cSPTrQRg7arUrrAnrG61xpq4MMyTkye8hAWK","7721894"
"3GnvQ7nQnKUxjhVghAm4WeagUztzD2fCpbN8hfkw1wDG","39017208"
"9JNT8saR1VC2UkhaCTaqWZqsqV7468rsWfs9aXyL6Q8t","10365"
"5JmdcqHMm3YqXxVBssf7JuWyDgQ6sthdZkYu5yv8smzD","78337326"
"AKQ2c4XBywUiwzSUhaJedHFncXRCiDcfGTnyd6J1FCFH","4135674"
"rUVuYF5Z91nxzhrafbPhBUTDE4EjHqNDg8VFbguzvXv","3597001824"
"2zzTNQapBrT4mcAHGe8pfnaTPrx1Kj4FAnbFi6Azvs45","9510106"
"ApWe3CUjogYwexFG7uJAXgDe4e37gx2nBYnEm9NTzNDJ","130899908"
"FZKgRQo7s7vAEGWw62tUYvgGiM3j6TpsTb9VGjmK7YN4","2922"
"FcgBoTZ4R4pCo51DLXP5aABRccoPea8HHV44zFKf4spa","73045354"
"E4AjE1YwaaUoDtPmjiKQryvaAhTZnQ67MrVXXXmY9rUL","122639330"
"463wpoLPFyp8ofafLeKSjkzcSDN3kVY31qTmXKtAdbkx","73788040"
"BB6fpdkrGdvf4jU4FtGK46A2JTttRqQ4Bp783iAse6vg","165230506"
"9TtinjGzraQNTPaaxTugEPbTR69GNfxoyUqqzSeiJtgV","6310"
"8vzbAggu82k7BQQS4pNN53R1U56cv5gEjRKthZqQoith","44208426"
"3rPTFrGTLHuaZFnzMaqYmMwwF8rfW7r7536kz8ESXJQP","516916598"
"5Pa2EL7rTABs9TCHEdVcDNHaNRdggko9S9x2L72U9C6p","60694680"
"2qt2SKzLGTmTwgjUuPjxqFB3Zkt95HQTnBo2fCdCxxfa","404319068"
"2uD5ND4wKmJPBwVLEVDfo4ktGCiqyGuTS9VqQGFN6sxq","778467"
"Gocoa8DCeLbio5X6yBT6atFpTpYUr5BYqZKQFM1g5EiC","110691676"
"Fn2Jv4zV99m6zFA1mCzUTxgTh5JLFHeFJJyB5PMh8Kpb","143307294"
"8NNXwfirNCdcopcGiYs8mJypLh5SJH2NiT3uMF59De98","197967"
"HbySqpdtTNSiN1a4QL2R28Ha8boSdmQh4PDEFQ4tP7rr","2334971627"
"8QUHLrVHpaG7hzgWVGJAaBfJS4PKEu9Z3bkWkA3xwwA4","73935788"
"5Hx7Y5JF5bLFM3oeZYPUfvSPHtBs5P8zaXJJLsa4e4fd","14711738"
"E6K3EJQgNAtwv7reKFz6Gakrwi6CFv966sQjDb2W1M3L","7508833"
"CiuWVjVEyDuscVA3eoDT9LZWFJ9GH6rWPPCpLmCLyqFc","149553416"
"81UjJozxdnY2iwzoDEH2G2PNkkP3eDmG7SyLSZdafDVn","15012309"
"FTEoJCQAK5zASMpKdoYsq1tgi9JtAdSXj8DDzCL6nB7r","23330226"
"TivBWQKsRi62c5w5mXXYQ4Q6tGzKCiCMKxJRhVVRVqW","1902141"
"3Lukg5GMRV3KHk5agAGhBTvK5tC2FsNpgHtUox9EAiii","12932075"
"4NReJD3YLXRybjF9gakuMfTuSvR3xhAMsLRD14GicUdy","3152"
"FDFe97XpTWqwvqF38dV5TraR3KKH9M67he85w7H2ucWm","44975845"
"95pyjM8jtDzGNx8eq8k3dsx1DZ7JR6jdLMgHa2BKTC5","2022070475"
"3FoGhzajHeWUSvsH7rqaJPdGbPs8N2Fc6D9D6xkvAhAJ","65679"
"HxkdHjLuSgHxmaJg3C7LAX6gZX6Jkm31jvUqzWGDk6yB","828192257"
"ApxnqKbRQWfSV4KAC3ixXtgVtxysaE7DdRsYqMREZzfM","67511940"
"6VvRjZqaTryuRcWUMgmE6xtGtY3ugUVxMRGJpDwd3TME","12172141"
"4jC45G8o8V9cDVo7nqX4LDySoHRe2XuEShp8W63gyhho","29492814"
"4Y2dMYNALA8mrhaNsdNr9FiBZWxGyiGJPHhSbknZb4AU","5182303"
"2JyurER5ew7GRni64mRdNh25h8rFV8fwofJS2uei6Vtd","20699579"
"2LmyVWWH6arBTmZdYP1KX2nRbRRSgmYJNm9fGzooMNZf","66159572"
"FLMo1eAEMk6HWWrSX6DMcSGkrFuwr9KGzxdTkqvVNLFK","14057905"
"BBm4mK9tcH1unH27Y21xcVrTsa91yCugab6APUwgczBg","497431451"
"Axs5sPeHPhk6Vb91ZoC9sdp3HNFvgQ4tUNBQWDztTKdw","250604055"
"F8GmpKQ9iB6uPkva3b9HjHv525EHsr3iGzRXZYZettmt","357608042"
"6HFa6ifwSTtN4HQqtRvogMxZEnWEnhWWjAKnkSLJewJ9","79849270"
"4knwGYXZ4Wt5k2giiZASqWEB6wi95f8R8Nz2LiwFkGDk","5182303"
"GCRgb1axqEPMz1b758XUhqwX4df5mBUbTxFyfJkeDNFn","31630"
"AGWZYijqfc5ngyvQvVNPvfvMzUdZXkyQyoydYKD2xD6A","7396824"
"D8dd7c8octT8ddD3CefR2JeeHTAnHQDLHKJTNmQUzYtL","271965362"
"J8K1dp2aA2KawapP92bC6DzEFcWDQNbBQeSPyRbTXFQm","5182303"
"46ucUMr23L6HajJR4BubANd46aDi2C4SqfX3Pd8v6jFx","1528936753"
"8EuXchDMxyP8mcD4AypqueqeKciQhJZ1yzyVubwekfe7","45730515"
"2aTa5xrBSS1hgqo8yEjkYoGWykuLioSMpyTC6c4MRraq","353253925"
"FjHdbhaeN5npggeupFBErzHNxMP6Mk3uGH5TL83bjskZ","7674460"
"FNrPkk8bUx8rpoyUdhN2rHFL5bNGpc7xvBeXpfn9Pgar","45019369"
"R8tZgNsQ5D6aDwRZXutmdsMC9fdVR7sEcYXXBCmBwks","27693368"
"8Fu6YqLamhqke5UaCEz9zEvtM91YfhkGeL3zH2t3SDbn","764969534"
"EpRnwWHL6myCUSJJdd7Z6rk8cujkoZHqFqksuAEdu6BV","9696024054"
"GZfFTngnsYdnaWYbqdWmFC35DqPw4few6oMLfMM1cyjb","126454555"
"1drULFtm4SKm3tvDvZ1sREEQXjMZy55u7B6SvFQvm7c","81044167"
"AuwenPz592xVLh419pLcNth7Ykb6pp5ufLcCTAgoZHFs","70664798"
"9dgkrLKTAtF2vjDdMxpb7hwV9yVWMNsLNM7CRPTuCaqh","2354"
"Dc85YcHkAWs62ndssWcGN5V4xYaQzPzgUDiRGtvnZas6","63720183"
"22a8LF57rPdkmhEwxC5ohn6LJdHdVbv6eEZVtxHEw1vL","343289270"
"H7ZKWJjZgyQkd75Ygfuatk9CSwdnQ4a7Nkk6Qik5texZ","5731614447"
"4xSbBcnxD2tArkReMJAkyKp5VJ4Lin8QmQtAeiUiQeiv","3053315"
"7pYdxHEkFRFjDJHP6AGaoVXEFBjXjugz5vhQMZ81Avn3","28801111"
"Bj3zWqvNdGsKFPzuk6LrY2AVKZZFqA5MQUGs5bcTTwfP","6738262"
"GjqnBfsj3o3sHbkh6BhzdvC9i2MmvJes4QGfijbSgjwc","50985632"
"DrRpNfgggAyP4f4UfCaRKEcf671Dh7a1c6aeVdoNbYGq","7502737"
"A3VsXi1NFGkQBp1qc6GbfYbZv4hNF2khu7S3i8mpD2AM","8315883563"
"4ju5foMCMknZiWQrYHjZNnimChCAurmBAejCCJP1C1oh","866"
"ABuWmWBYEfQ1bXtFyjpDN4MFTWr6q4xfFaU7JFAXqbU9","161111143"
"3BBHu6QqjZc3jSkbAGc9LEweYED8hAkbtUGeZ9Trn7ch","379781011"
"DoG2Ln1PwZvaTnL3H6GMFC2Hoync36BTZjWmT5QvPZ2t","12932004831"
"Acw3yJjJYQVsscY9RfEXFANxTL8cGiquJmzjay4ZCVWh","6454881399"
"GEEkiYods38QefLuYwnFo5dEiGcE5k2RN3anFy6ycTEb","21550624"
"8YetFwV8GaMm2qxqGg7xfbJ6GocMAAKHz9M4V4K3MFfk","5852817"
"Ews8efsdyk1QJFFJ9PjaSN1A54AmNJNRKu5wwvieCCxF","25746254463"
"3fYKnmVM87JAd7J39oXedpoTtRyBYeEXbdMb53hrTpgf","31242613"
"Dwx5eocmZkkWYjwXbgL5W4Z1JkgGr6ucdaZiwCBaXov8","1340649"
"2kWHvHcaamv6bVJKbWyn2PTychSA9NZ2fjnSE9voMWQU","215223220"
"33m7bz519aFnsGgyeahnxpTXnihAagkQYo7ZsZSiYpPD","591649094"
"D89JgJPGaKhqpbgrTMZFHzWLSjggyDMmqqEACGdQzS8q","676395556"
"G5yxATbWQb8gkxW9MGN13GaEFG1qKaQZYcBDYizau1RM","1299516"
"2crBxS4vmm5oUnz5s66h7fiTJLfP8wW5cHgoczYTAhqe","372848"
"DM99UjfLxCRSbabeuNQ9GYwj8KuPzBLfh3YkmWd65pPg","74999913"
"BxrbbSaUG4wVN8azDYQU1GkA6cwk6BqzrbwB6wRmegMK","6756258348"
"DcUVseXbW8Xp7cF8YLXhXke3rNWCtBzC2w5xFFLbsmjM","3410551"
"Ap1PS4pPjbbSc1bKG6Ujv5AJsq5vEHJPuok4w7kPuc9g","8828626877"
"4jWJfQxRoSfofAZ7iqdRqEZrcZ3WpVx6ct1SZPVEnoMM","20968191458"
"9VjHXiv7rjjsVfVHgpyn6FL3MiAEKqpz2L534siXo2L4","205196118"
"D3SoBJ8CQQJPFJ4rCzErsfpkKCcodGyuL1Qf1YS88xZs","208668771"
"rJ2woFgRPzooeSuTRQYqtX4t85HW95b6dMp25TAjaLA","11463"
"GGmjYHRPzoGwpA9mj3YYHarTFVHedKiJFuVjdYUmtmvF","17797394"
"7LguNiwUzQQEWsKo2CUCzif1bQXJCnJAapv1YVtfbtrf","881"
"7TiSXELud8yVRmMm5y7wu19qsLWCfzoDr9XrS72b42ji","29637289"
"3pnhyCco5WXChQpkyT5dcDkdi9d7m1igNTznbpru6ehj","156480678"
"Eezv4BNBuec6FMBnteXBdwqDrF8tcXu8Z36R1npoUmTs","14843419"
"EVfUfs9XNwJmfNvoazDbZVb6ecnGCxgQrJzsCQHoQ4q7","2108534"
"7YszvJpipuynKouoqCZHDD8vLsaXAaJ8RAiszmTuP8QW","202896943"
"8atgsv9MPXt5ADpowqX5SG1CN4gHQQvKK6hZvoxxbSgv","13224890507"
"3nZz4kWvBqVpJ9XKdZ1i6GHHWRonukBBpP1xEh9FAzza","7323776388"
"9ZekbBw4dByYav5eLqPCUQ3LxuUkZb8ZtAVCQhqboJRc","6059876003"
"9cKdQ4F2aXnEyEfurbHzLh7dJWSjyQVZTPeMWZNmpFtG","15987617715"
"CNRp7LB43fh1w4Nqd3iLNNyKDuvYSvuvaTDbET85mi4N","1130222410"
"56nSY5irB2E5Boheqsfbn48J7QxKG4cerL7qTtyX8iqN","215180451"
"GAcx3qFTnRiPzccR2cJqVBtuukXhwPD1N8ciK7csDuJY","207292140"
"HrzUkTWmHqN947fPSMAAB7bePyZugXU1kgmWaU6nSLbc","668205014"
"8P5BkoVeNpvCqLTVD1mhtHvXkVKKfqNpxfc8Bqa5ok8M","215181436"
"5Vqz5EK3dFp47UTJjZWYoP7EQwY32PiX3V6KLZZYSDPS","6079463757"
"D3HmgZ2Rr8xbbMxHGPpN5DwmwpMhmfk5tL2erxmcPcVr","215161354"
"GKC6ce1TJVvPMPcXken8dLqhZSbQZsXQ71jYQGw6KQqP","293505988"
"GzgdDj5hzs1uyJ52qZ5Zf25SEGPvmon7YkBgHSmbZ6ST","1601404230"
"CTumMHQAhUaPhAQKaoMwg9MwEKrrK78sLGEovsom1GXQ","7618305"
"5yjvNnxBF1ncPGjCNYPzqt52QkjVVXM1yG6o34DtA8VA","15916587"
"9wYT1wMa2tau1HLePWhwTr31B5Cn5oMh8E3anJ3b6sVf","318359"
"BQYotRRQGoLRmaRht2z5TXFJMZ2wMX9fvDWxuYEHeobD","215237706"
"3cMkogR1DuuXqfn38nEtcgBmqe4KxLXrNbyEaHxzk9GE","24125641718"
"AeNdp4L6RXgeFHvTu8eSTgvv317JS1MqRmyoxFFctvws","7960628591"
"HPtKGdgdx4crcJJx2WTtLioNp4EcnRhJY66W3xa2EbCp","17"
"4yQeNeDgksfpV4XKD1cDtXuXiLyYbcVe8T3Ytx7C4apd","97800369"
"N8h8BupF6pQUVQHp3YXxn2z7GXnVyREkrEkgs7dTm5u","215182529"
"G1N7agkSbSEuNtW9YRwrySUMmtR5JFUUmQu31G4j4nTj","32663843"
"36qPBUsN5aid41Pri6pRCFtoXiCQGdrDqcbxgUGu6DEw","28676797"
"5VZc1ArZea9uvQ4uBCA38VhaLHsoVNZsr1RpXrjKzddX","302395914"
"AEdYbhhbZNHstHoi3DLgUayxgqCz38v167XXRLRMPMQG","215159861"
"6ssZzNjPSEpdSUwb5J6ytyLypLAcYC3LSocTDrMeP8NG","3184104838"
"ELWsqWSkuvPhjgiiQZ8hFqV34tNJcQ2h9X2VANkPHc3s","5728261147"
"3idANfA6b4GqHENMkKHcDcfU6JaHPh5XiyD6hHR6UmbG","1040600791"
"4okvLTaz8aYQpJ1KzuH7P875fKyWEGJ1qkSM7jT83xS4","215238450"
"47PFF4G5ZqGfBwYRUwArjs7vY31jjDhYhstDKyAtpTMr","16730706"
"F5iRAJeZeUYWpYMC5Rf48RG6896m77Xam6DdrQFAmcop","137316605"
"5Ru8QeeGvmizWQbJyiheqkMyTF2fN6ryzBGzkFhDAAE3","215161627"
"7VYaGQN73YftBrjDeeLa3k4nnpMxHaq9qxRGXHpwp1b4","21139157905"
"5T1jjBJxM3YjAygA1No1GRAaRPkeJcYccNX91GTuGGwz","356870"
"ABRNmVtwZmc2FErPc1J55LbVFpc3388bT3DoirCNroRa","2256658527"
"G59BHPTChUjjLcnF7qNDmZGYUapFRLhLAFvsYxQqjN7","234801685"
"J6S6uft5K22jtaTkYhm3NvRm5Gw89gFqWFszXQ99vkEs","60652743"
"F8qf5pGk14vDk4YnLcv8528NA71PoH6pfroxRGX1TCKz","1992739"
"D2vs2sxtep53PM9nokXK7FeFcvRgNPMmrpfhmJQabB6Q","1070786967"
"2D9ew6XFNRsvBTiKk7Xa2LzYdhwzn6PTfdUxY9SVM9s4","29252078"
"Htb2cqG3wkH7sN3jDMJvYw35CRrGkXUdHWbALsLAtDhi","15129700338"
"GZM1iezDqjbzEKLvhA7JZxAhU6M8uGh3qdKfepPQtViN","215160844"
"9gCXs25qRzWPhbfEdJ6dX2KAKn45ipt8TBbLkXEwnpAe","27050403"
"R3eKyNymCQHTCmLe3FaFJFiQgHcZai35auZnfWT3t26","17786128"
"G5kkLEeWcy4d7Mivx2g5aH14rMK4tryc4EzjzbK2i35J","1063874149"
"6fccNRpeijd67sz7yWydcxtV19FhewwtBGTS3tfUBnyD","215233788"
"9PuUMZvR1iC5U49Rrnm9ksfLF398B5jwvN2oxpjqxRki","27050300"
"DrHMt1mptCSUM2RRbkPvVUovXtSsfQApZCPYZxfg1ogU","13032601867"
"5ddPQNb3UwjT3WxeBKKBvDHwCCEq8iJKT5fzYLyxXCbZ","20829358426"
"GeVvZ2svM2SQvjaU3G9ku3mxDor1dBXRQb7SwZzH7goV","32538927"
"AAVrJG1g4nT3oVsmkw2gZRS2KiSdQFUei3pfVQuNyXg3","27060049"
"56Vn18gpChGrLXH9bwxzxEDLXct2tfXYkW3K79V3fTiH","1086655821"
"Ff91LdzuusCGELVHqxMHE97cvtMVUURpBH1nPJsYxZyT","14262331"
"35ui5RcrNUYeF4XnrRfMgGaiNPFiijnCM12euyZPCzUx","105663489"
"6yH8JnJ6WRfLukv67yHbkfS846nKFxTtCtA5yF2X2o7B","58096526"
"8KaEWX8bb49xWQH4xio4BsDysikx9qfagHLfjJngXvG4","823528"
"EPK88Fqy986URxfwThd71WfNUYuj6wgYuHYojGVdbj8b","307395027"
"KzLqnWpmPyKN5goJ7RxA4Nx4epB96Mg1HV7Fyq7DvJf","20407930"
"CVHfGw2hRB5SmsJNZbaSXCnsFwr3gpJuKQ6exrT6umEU","27056384"
"E4RmvbQewPuKfAmT8i97oBG16afNBPpdFGmZsvNG61br","1451"
"2eAznMtC8wmNFQ2yGnKGq47hEbYPB1mthkaZ84FLj34R","199938874"
"BY4DDGhmK8pYBQ5qT7VYSqYeyrhX7BtWUXnhXZkhXaMy","414584280"
"4zf5CK9wdwh4KGsH8r3mbeEPYQVqFCLLsRXja8z2Z5hM","29515567"
"G33NZdANHnd223WHnjjK9BWg5hWGqrkFxHVo9piCwDus","19923637"
"Ajm1uyo9LT3SUXPbiMWUhgFWCGqZVuqHCSSUMHJZDn8z","3603540"
"KtgmvYP84nfgtr4HS1DUqHRfMsoNq1Vcswv64xsdAqw","3601"
"BHvcdFXoRnFAS4ZsnnsNx3btE2ZsifQcsWuisVtgneCE","56751082"
"8k3mBPaERuq9dzDpSyoTkQWKrsj4JjugxEVk9ff9Jifp","319642"
"35LyMghfjTp6hgguc1Db7PHAudziWENDUdbkTpDeBCKU","2945178"
"7hmE4JGn5T1q8gH9svu3nX4koWdgkk9LEh1hqsgoaJrv","1170796281"
"5H1tVq4iNHssZvhzALWavfv7fin2C6uWx51FHfMMBL9n","17244003"
"4bsLjTQYv5az4tMpeXuPbHkmToJZ6mz8Xdt5zJ2Jc7KJ","3384938"
"65mHmWKvFpWxayHjMUoanEuhggJGTcuWaHo3CLXGygjV","209664"
"EmteNrBboZXqGngkoGZ23Tpmr41uDxnjZiW6PoWLSU1W","215179168"
"5J5TsGm36E9WzXLNYBPXKhdxe4tDDd6P7KCoM7zJEkb","234743411"
"Gaxh7aywfbxcT8JaVL7Xqh3k5A97bMJRp7d3FdeXBiL9","215183488"
"Cf8rEvnGgcxpPAhGUvQjsGUrXgNdoWD9ujnvvfpD6R9S","17280791"
"AzfjZJ52LZem2UXyruScAG4Xi6n4NTiV4miai8EhcY3x","2366333418"
"5HPWofFqZTLGghrKFk8j8TLrZnc6d5moyDN8UJyuEyLH","208486746"
"GtegCHJi12MbhbPdT22sdCMaASQvmvfgnbdoY4qLAvqx","1192769"
"Dg5Vp3gerxeXiu4cXiRSj6hDTPtyuZsnn3Pk7WyuS8ik","215233189"
"23HEpR4sZLrBAEHWsANmyihTRcnTUdegkqBHA7x8PVvP","1372193"
"BqcQhF7yAm6HqJxbMBSoRtC97J77uiohqCueKw2BMJUi","13467076"
"A2knDjLshZ1Tq5ddz411GdtnDTEjJmacaxdi5nUKpbsa","26978954"
"98kYYE656Ys5xDfrYg3pkp2dduAagumvUM2otmBwUYPD","26961106"
"F1i2Z8xtbFLjC8KayZTV14XDmQdhKjKPXbHHF1Zfn2hZ","697055"
"J4C5GMCmLnGb3zqFDMRF9TzPG6o1ZQdNmAPaU8m6powa","215234859"
"6woXiCsDVCxG6DhHG22ahjHu6teN4NEzjhYmvNazA8AH","4211910505"
"3yLCW3PamHtEPv9gfNaBF4J4yvqb6ZqiWJDCVfys63RB","3477251158"
"4c1YfBJ5eJ7EKBRdR6pLL447pGc2T8oXxVGh1FB7cw3N","18223518"
"6rK49AE1GG7vJ5cX8Q7EzQ3Ptxrt9C3BQLatuCNuYsQN","17564860"
"16zibLw48h8qurLzwvYkKVUeSsPEbofa2eLHQXfMBUH","9937841292"
"GcAVTExpKJWLXvb3VXYt4Ggr7jaaayCSfSHxtbqgvUfL","324358616"
"8pp3DmPiXsAnyKiHWzD397ah91axYaoWqL4CCj2VVmXu","3037006"
"B8n4eCSurXvsEfSxTo72vsfsY3kuei5Ez7U9RWsmas1y","885024813"
"Ft4NgzRKWFd2wVkCuXHcekTTxBzsDppNA4wCtziA8VGm","5476343"
"G4iaton8DX78yVmiMvroeN8AMYUeEF8cCZFPSxc4cZ6M","26979244"
"2Kf6T7C2Qr91NBNYrqaGbsup4wbMZPYa7C7tecQUGLei","4767265222"
"HRFEyeYtSc8zXj98iPb74pNHVRQ3nkaBtg1Ka1SYCTfR","27047310"
"6bpqtV4tYV1k5fn97oLF55ThiYUQXdGYMyRH8mSvFT6H","3136537"
"Czvo1yZpNGAeLDL3EBf58JjVkMKPsan5Xzfu6VueL5PW","15916666"
"9WpyHHD9et4AFRnvnFc88HnV4pDABpFENo8FXrsN4ezc","58340051"
"5Y5kRqxzigftFmns3aYWwLjcRCsRzmcTUetuE3wcTSJn","97584593"
"8wGPKyTmVnuJeVtJFk7QceDoS2LaMii3QiZTQyZDvVQL","1110765630"
"A91CMjdywvoMa6AydZ9utzuGff528BKhEUd4vavNFQhS","48"
"6WztmviQJok5ZDPgoa9XSUHehbiwNidepSQQgcTjNeF2","360141"
"5eL6rUhyReC3mcsmTfqMqLcemU73vRnGzAdtf8N45dkj","302120"
"E6dRMnaQqtUbQKCgdzQtqcFkES84B9LBnHpj1iGQ1z9w","80862520513"
"Uobc5r3DZk2h5RK22efzWK47wsPpR2meLU736eKpACX","207292140"
"Ai5T7eoWdPEiUv2nJ29NAmpbCxXXGBNibcbtmfkmDQEK","215160798"
"9CQZk2yLmQbjW7JpNxzYaGiwEn1fa7xwrV5eCVGhhiF9","6527323"
"9Ra8SoHFwc6Xx6hsU7C1zDi8uK2TMkAnq8fhx9MpDztE","215181759"
"7uHrizbc1FL41AVKfToctioDVsGwzbxZ6RRS1SnZ5hti","215054677"
"DPE5XpxV129MESRvzf6hMKTuvepjLtRRKS8Uh3UHaBR4","15107095"
"E38xeuy1f6zdqmiPpkWZSiVJtLTM26BYR2hnk2BNd56W","901471635"
"GFFrfktuzcvLKLSVDGd8diCVnTrdhbBnsmN2P2snbaTj","247042677"
"4ShnSrFxoZ8vttLz3jC7JnPK5MaQATXPpZYGjHQju1rx","347304780"
"6JXyBFRHcAtt4ZXQLAbJQqN4v9B8pYCKVRMyK7KpWne7","1416854582"
"7b3hjkwAUjpRnUxqFB4FJjJ1YHLHKJinB2izJ6NhYGme","12489556532"
"7vahpEswcdCwsgVnSFboHEvmohvy3bgj4S8UBgSuSTXZ","179830946"
"9sfKuiLNcDAZRjA6aME5SNLR34W3sZ4kRUJn7YVrSezj","2806365162"
"JCWoykTeMSna6FGab1s2oyr2skWhmGpQ9JJsHy86L9kw","215153872"
"GdZyYnJ4ubrZNMDSEu8iZHnQRrdyKoELa19AnnZ5mHVV","15424951657"
"9NbgAMkc42ess2EuTmxXjF5jLrLnnWAjDd2fm9H55s5R","27061417"
"AtfS5NoadsLWHEys6nAdcjHDUziGzH5ys9XRFwZbThve","58852063"
"6RhVWvrVDrj6wUysBVDnZpAFuqQ8yh1EEfxC1Cth7m1c","17201087"
"6BKx3c5miBy4Yw6uDkxHdLxDCYNXeC1Xfo9vXAUowBSY","71680882"
"ECa97M7H3F5wBNCVeyZduUvAuSpxSxHNnBBcGs9xsckJ","2131161940"
"DEByvG1Fqhety9tRwmghHSibwxti2mqr8NCuFwiWSThj","9168828816"
"2G4pU9DtVHtqxHJRB18NmHurWdPJhhswUvY3As71S7iF","215160887"
"CXVXCqDqm1i2h3UVnhNRyfhcFdYhUJfecgKPY3baMJMY","14242628"
"3VzGG8VHMj6PxQA3pSWRbw67x85ynVGqEpg7ijuKTqNu","8221007"
"Dv6S77AnMPqr442cKXkMk1mHf2EneJSAzr2SCYdnesSn","84372"
"EkQAvYa4Ek97Zb3LdtLBTcNeMEwf9yZbTGzjPjQnrVJ4","59478436181"
"BVBXqH8e6U2PBRoRLGQbqU26KqSgjVGCn27YZm5iVyRH","10365"
"88SJgayXdDCp1yDssKKPCyBKvNqrUApZuxKww35KzDzQ","492794"
"CQr82aSLbCvgLg6Zxo3yS1aEWKQ66pV3raCoDJhA6M9L","29462187"
"8eJUrzZnVgcrQVwYr48e9JqHZX6TRbE8WY4nzhBEmbW9","16523807966"
"7gXLiu9mTPSRQDB2VHcVTp1dRu1EyV3CCpKy9XYeySgB","234721005"
"8TB6TY6FZsCWueediXs3FTqVGEfXKn1xE5PtSQV5DErH","215181233"
"AxqQqW1gQnXQsDFgkmMUvdVv42QP87MknxJZKnjhG5zu","567767806"
"A5QUPQ5tfq9hbiBwnkiHLUjRqkQTN8Py2kuzTB3qCSss","4171609065"
"3jTLnD61D4hoyjwUWjo6KkWECubLBojyFAUW68hAhPro","39293289"
"CsBDhpRD78Tryv3hunuSrMLkDHoMDwtu4idbU5mjWiAa","11940734904"
"8VhYbvykCWXZM79LtLzThgnJRL7vnaw7D569QhvzB8QJ","31093820965"
"3PtX4UWHedKoejkqwPMSKSF7qfi9NsyF9BBGXT5QeXtD","14982885"
"AuzCUZwYFXUku3tKFpKe2hEapmhywVW3232tqMhRTV5g","10698884442"
"AwRocehpQTXhq6kR8oXFDsgp1dHNhSLJYiuRp2Ngcp4G","477731546"
"BDbjngZrj9vnPngexfvcXVmT1V1zi6UrpMohqhq7ynMY","32742"
"7SaEmo7BGVAYLcWJs5jq7GcvNnnpmR3mTwKxBQRRu4VY","7945495"
"DJTJj9NEpnr3mxZvwmCeLFwfoeDfmFbRyUWQ3CHHfZGx","291391697"
"FKN3TLnedAJar5qjrdcyv2kMqF1AGdfUMWwkUDiu2qPg","32397412"
"97YdQ2n6HaMsjF6BLUwKFJ3dTd4izkvLALWNcqS3k7Sb","369257325"
"Hd6b12UxBocZXKgXPSpGPoMwmgwKReGnSGfTFMurtaCW","10194340"
"9DWre7X23NxLUNXSqq1a65PGCFB3bzjVZxa4J1qPtbmk","53795120"
"2i3UDCwFRYdVGjhqU1vDJTSkeQ6mHxxw7hxTDD6eEnzs","60604192"
"GRf9MpQsc5kdDfNmAFb2w2QDXQBBuvGedtqpvXt7uKrf","8305558"
"3mvfUBfpe6PoFc11Tv2HsvLNguk8PSptwwAvp3VqCJPh","7721695"
"7LkusRM3zW3PxmyMEmqtuQ6w2Gm66sLbU2jVmyedPeka","1525189370"
"3n1BdFEVVSVRjGRDbivm19QR6Sva3EQ55x1Nnuc8ZNAr","21650152"
"HkAVQmHq3Ynrrr6XruX2myzegjXhozTe8XL8LC5gvydh","47168"
"2YPm8S3Yq6kCV72kKWx93yM6uCvi9422ScSD8D2H6zcw","495075023"
"6S96Gs2XH2kV469vAe8qvJY5VWxVnz2SA1zcVZQsNhgc","73740747"
"145Cp9UUwGdz1QL4pTevmFyrdJeYYaL4atfBsePZwiLe","254812457"
"EZZhR9XUznx8MtUbziT76uSKx9vdGg7Nr5Nv36FojmS3","1570455"
"EQqjcYPeSfEDX71XRNFcocYcpZFpYwsqrznR3ZAQH8UE","2051983028"
"DFiJp8ekmdnURVZh2zKQsVybmMam329E1MZbabZ3zfPW","141607455"
"8aS5WGGEKQZ71uD8zKTLMFHmEbQm7VDHckkcLW1VMAqr","622562966"
"HDwgnfQBEL6qpPowrHDJio5Nmoxye79m8JciQcAyiABM","67918699"
"dxMg6ACKcNrUhpDqVM6sXz8JfFnP5svcuyB88Fjs29j","2361465778"
"9jSUv3mCLzNSFxCWmnkXdxt78WS5MdyuqceP3AohTfeQ","2126"
"DfKDRnL7CHPLLqCjE8cUGmqLuWbU1oDMzhEVf1xhk9fj","199592813"
"86byfCN23J6xY25q3k4xzSfS3ctDuNuz4V7pSSSanFgG","53153383"
"G4eGJ3E7JMnSD9CbDar97547XiCtJUXjAGKX1eZNzME8","48942235"
"Li3chXvzsKebJV3HhmWw5apJ2uYwGPBAC9XCM2ii8Q9","73155935"
"5P22VxsUo9Z5Pcga8qzSG2H31F83UoCjgR8jb6rWJtLC","4437593"
"B6zsM8ghSEDoFd7q94VGwL83BDFfjyJzQLkQzBxRA41N","7674563"
"ACyrxWwNxHp9cg7zkNJpSJDSbKmJh7jWNF8i7PVPtVps","30671482"
"6ey714DWxSJ4tqSwcu6jnu2Bw7HVyegyGa1dFu8pnkaK","316871869"
"AtiMwpJfWAyiBDS1MQCS7BLL4LeB9arKFw8Nzjqjpbme","5182"
"B7Fy9qmQTFtyhVAePx4JcU26Aos1XSuvKnGsX7TEaJoH","1750562"
"27tTqhSwT4ZUXRfA2gBM5XCRSyb5CS2Q7cv7w7amdfLA","5143997"
"85x6fEmXLvp6rEechHQQnw3obvferAXGv9yFNvJ2Eb8V","228432291"
"5Rmai6p2CNUXpaUeBNBwKKJGLqoNBGEWXjBXoVx8H5Um","1"
"3hyoaWgMaaSgSytqVxrfnNerpTLxa26pPsLqV5f9epW2","394336715"
"GEf8QwrAPXubPDkmb5UKYYMWsK7uck35UWyAXuxUEPX8","498368"
"BDWK8yfqkkHQY7X566WikJockL8EY5Avb3iGpa4kCEEY","54254719"
"EpJ2rrHEgeBDdNMQ1Csc2M7SDiCuPRSVHnQyxuLGrExJ","104427463"
"5oN1qW7834YcEuyjsihHZGnvUNjxKy6BFrMRdDnNPN48","54773365"
"G7RwPhQi52k2KMndF44zyvGmjRCjd31aozjxfRyqmSMs","74688399"
"7382UfcWn21mKgm3t1dByXMmGzuDPP1qqb9th13zZrAe","68621671"
"HftfoQpTC1ZxKPDBcPrDKp9mXP5DuHj8jSTw1BE81vQp","5840888"
"oBDCvZrprDrywYFPYmjBTVNm69R4wqn6kfvaXhChELw","14062693"
"5unTfT2kssBuNvHPY6LbJfJpLqEcdMxGYLWHwShaeTLi","10373322"
"3KMHTeBEzXYnEaTo2YxtbSsAzknjHjDdKcSqrSsfL8uB","528731"
"CgY2s61boenEYE5PXYBypBb96Z6aCVdjU95u2d2KuUWU","14942422"
"EpYDXjwTnPBGqCUS6Um4R5yLkbCknLD5c1N3VuSbsmtg","123896845"
"4ZQYSBtWEwnh9ssogkhUGCrzEGx4AVHGfbncqs9RtLVf","40806703"
"GiHhaydmi5fBZg4GSQmTeBGvwUGb2Ve8w2MdVthkESQa","75665293"
"GjT6gaBZZDB8ammQJ3pfvzoNZ6dUM49vACQZ5aA61wJa","55762397"
"tSCZsKQV1Youasm8kocymxmgr6r3PG5keUPqisDSU9a","75665296"
"BJ9fgnAm7GRS66X1jvoo6Sbk1tNmFaF4zghMUq2MR3bV","2289897437"
"A8sU9ihPsNCNKmzsSJcVwAo47CegVMjxQxyQcus9Y8D3","16"
"32dMciPZd7znieqyVJfCAvbAfhHYqWa2s4rs8iQJVdbQ","758265858"
"Bkykx4p5sTEKUr2Ykbb5ABevL5M3FdSdGeN55VBz9Tt3","7962868"
"2CwcpLPsiRZb1NnfxAVLzweWaHPKcaM7knzAbewSqeUe","24677257"
"APPhSJv11TQMsxw25BWboCKcdzaPsQN8scgncyQV6TMz","171016015"
"8B2Ym7Hv84H2BtTYZEnaAiTdot3BWk9ML2BR9sC3oDT5","890547"
"6TGQwSzoop9YgxauC7Sob55oRRXCzggDWEDHmmuh56TP","73545663"
"7a2rRVim61M6h8AN7PmSMig9ZovDqtJoEs5A5bRVYGxt","379309294"
"58BNXrLF9uUswPRNfxy5HQ46CNQXLvViDBtcVLeMfMNQ","7674461"
"6Y3uYbdT7C7NaGDhKnsbF2kRzkSqthGcPq6Ka9kAiYAm","22203496"
"7kGNfnNz2Wy8Sx8f2LxfgZEKBNgd9gNQQmmLPd6dvsMi","17137878"
"7nxE59Eo5b3CRf8SerHt38HHh2NtLkyaYtrU8Wg5MfUM","56216830"
"8SoquRBKK5HhCuX9GRNBdpUeA31jpHXy9q4fb4nF7hef","81237360"
"7p7ZUroiZ8yhxtE76PkU9KXkCY4CnX4Ew7WD3y4Z58fW","5074"
"AxMv3w9GuXxvxchfe65Maftx3HcGfHAd1E1CxGhC36Wm","825911794"
"5nSWqnMTzehf63HibuUbV1q95Vi87xjxEiBdJktPucT8","122193459"
"EWBF1frPXHdS3YQT2rkFsv9Po2wrn5ezVwN14kStikiL","74604934"
"ApFYgUhtF2nE79GhgPT28aBrXWVrpqUc89QviA7tPhxZ","305061474"
"HaUK8HNqP9QHe7wzeyU1vJhRkYEoBEB4kL7ChbrjjToL","8279839"
"A7eB4NG1VTyo4MTNc8UNCDRcHyGLohC9TZ9JtVrAm1Wv","12497330"
"5MZvHD6hq8Acbvnrbq932uEaWbbjdhLZWtJQGQw8pHbc","56287665"
"88o37mrHcJ24RjPJSHFuGPYZHjv1Jha9PR6k8LZyXxdd","77583653"
"9D7ZGFPiHsxprsCdi8xWLyS5sb2MgNhn6j1EHsjHFKqd","7944296"
"6xGnKrwh6DwRcKutA9kt71wEAvrNXy9Vi65hYJVWdvZt","81372907"
"6cF9tZCBUNGUbw21Czw3v4XvBv4h2dkDsVo5DknYtgq2","26197129"
"4E7GUsYKYux1wdkfuJqtQfro1g2BPGzykCtmGwJ4t8HV","6230451"
"5rU7LaAjnQypJW9u5qvjzfhfEm8G1r1kvXX5wR7VdZad","160979669"
